[gd_scene load_steps=59 format=4 uid="uid://dk3ac3f26vyt1"]

[ext_resource type="Material" uid="uid://dyydde4c8mdnp" path="res://resource/Common/MAT_walls_01_triplanar.material" id="1_6hkfx"]
[ext_resource type="ArrayMesh" uid="uid://ckljxb7cxwcv6" path="res://resource/Floor1/f1_wall_door.res" id="2_hui2q"]
[ext_resource type="ArrayMesh" uid="uid://buob6naa08ux8" path="res://resource/Floor1/f1_wall_clear.res" id="3_y8vtf"]
[ext_resource type="ArrayMesh" uid="uid://hbqx0kjrwor6" path="res://resource/Floor1/f1_wall_window_right.res" id="4_jaypt"]
[ext_resource type="ArrayMesh" uid="uid://b3a36yw77dkv5" path="res://resource/Floor1/f1_wall_window_center.res" id="5_h01gg"]
[ext_resource type="PackedScene" uid="uid://p3y4bpxoadox" path="res://resource/Floor1/Final/art_f_1_stone_brick_floor_final.tscn" id="6_4f5xm"]
[ext_resource type="PackedScene" uid="uid://pqlat0kyxu3g" path="res://resource/Common/art_global_window_frame_model.tscn" id="7_po5pa"]
[ext_resource type="PackedScene" uid="uid://d0q5gpv7gisxt" path="res://resource/Floor1/Final/art_f_1_stone_brick_floor_final_tile.tscn" id="8_70lor"]
[ext_resource type="PackedScene" uid="uid://u0dphv7sgbih" path="res://resource/Floor1/Final/art_f_1_grandfather_clock_final.tscn" id="9_edy72"]
[ext_resource type="PackedScene" uid="uid://bjurv7h181la5" path="res://resource/Floor1/Final/art_f_1_stair_support_final.tscn" id="10_kso46"]
[ext_resource type="PackedScene" uid="uid://cb26liwye265d" path="res://resource/Floor1/art_f_1_stove_model.tscn" id="11_tx62q"]
[ext_resource type="PackedScene" uid="uid://ccyhul1vlph7i" path="res://resource/Common/Final/art_global_ceiling_beams_model_vertical.tscn" id="12_ua5wc"]
[ext_resource type="PackedScene" uid="uid://bxqvvwf055oqw" path="res://resource/Floor1/Final/art_f_1_ceiling_model.tscn" id="13_oo3qt"]
[ext_resource type="PackedScene" uid="uid://b7gtje8ahgfo4" path="res://resource/Floor1/Final/art_f_1_front_door_final.tscn" id="14_mktx4"]
[ext_resource type="PackedScene" uid="uid://brnr264mnqmpn" path="res://resource/Floor1/Final/art_f_1_countertop_final.tscn" id="17_jaypt"]
[ext_resource type="PackedScene" uid="uid://vmisecexhjaj" path="res://resource/Floor1/ART_F1_MagicBillyBass_PLAQUE_MODEL.glb" id="17_v2nrj"]
[ext_resource type="PackedScene" uid="uid://c5nr6xtvu5ae4" path="res://resource/Floor1/Final/art_f_1_chair_model.tscn" id="18_3u1qr"]
[ext_resource type="PackedScene" uid="uid://dgm67qihel1xl" path="res://resource/Common/Final/art_global_stairs_model.tscn" id="18_4f5xm"]
[ext_resource type="PackedScene" uid="uid://du3gbjpwkpumh" path="res://resource/Plaque.glb" id="19_mktx4"]
[ext_resource type="PackedScene" uid="uid://52kdta4h0cy5" path="res://resource/Floor1/Final/art_f_1_sofa_final.tscn" id="19_oucq8"]
[ext_resource type="PackedScene" uid="uid://yjaswhe4qhhe" path="res://resource/Common/Final/art_global_grain_sack.tscn" id="19_tx62q"]
[ext_resource type="PackedScene" uid="uid://d2ymdw2e7yyqf" path="res://resource/Common/Final/art_global_lantern_hanging.tscn" id="20_ua5wc"]
[ext_resource type="Script" uid="uid://bjgev1t52r3ev" path="res://Scenes/candle_flicker.gd" id="21_bgo40"]
[ext_resource type="PackedScene" uid="uid://iw6xo6vwf2gy" path="res://resource/Floor1/Final/art_f_1_stool_model.tscn" id="21_jaypt"]
[ext_resource type="PackedScene" uid="uid://d08pnfbgk88f3" path="res://resource/Common/Final/art_global_candle_02.tscn" id="21_mktx4"]
[ext_resource type="PackedScene" uid="uid://chaijfyoxu51g" path="res://resource/Common/Final/art_global_lantern_post.tscn" id="21_oo3qt"]
[ext_resource type="PackedScene" uid="uid://upwfvx8kmqve" path="res://resource/Floor1/Final/furniture_table_c_short.tscn" id="23_bgo40"]
[ext_resource type="Script" uid="uid://ck10nobi13ivy" path="res://Scenes/portal.gd" id="26_70lor"]
[ext_resource type="PackedScene" uid="uid://bhla2vwb2828i" path="res://resource/Common/Final/art_global_wooden_log.tscn" id="27_bgo40"]
[ext_resource type="PackedScene" uid="uid://cufxmq25fs0sc" path="res://resource/Floor1/Final/art_f_1_chandelier.tscn" id="27_oo3qt"]
[ext_resource type="Environment" uid="uid://dd2h2vwpawbis" path="res://resource/Common/world_environment_floor1.tres" id="29_mktx4"]
[ext_resource type="PackedScene" uid="uid://bnrglyg68vnt1" path="res://resource/Common/Final/art_global_coffee_table.tscn" id="31_23slo"]
[ext_resource type="Material" uid="uid://b7frshhg5cqxq" path="res://resource/Puzzles/VFX/EffectBlocks/source_files/materials/portal.material" id="31_v2nrj"]
[ext_resource type="PackedScene" uid="uid://hvvk7qav2lt2" path="res://resource/Common/Final/art_global_books_stack.tscn" id="32_23slo"]
[ext_resource type="PackedScene" uid="uid://bgdqnoja5augn" path="res://resource/Common/Final/art_global_table_round_small.tscn" id="32_mktx4"]
[ext_resource type="PackedScene" uid="uid://n2dgmq6063yd" path="res://resource/Common/Final/art_global_bottles_05.tscn" id="33_oucq8"]
[ext_resource type="PackedScene" uid="uid://d1sjcgvl47idu" path="res://resource/Common/Final/art_global_bottles_04.tscn" id="34_hv8sr"]
[ext_resource type="PackedScene" uid="uid://bl2231fa3ath8" path="res://resource/Common/Final/art_global_bottles_02.tscn" id="35_r3png"]
[ext_resource type="PackedScene" uid="uid://dnm4u45g4jshb" path="res://resource/Common/Final/art_global_fruit_basket.tscn" id="36_nncji"]
[ext_resource type="PackedScene" uid="uid://dxft285cx6i1y" path="res://resource/Common/Final/art_global_bottles_03.tscn" id="37_uehp7"]
[ext_resource type="PackedScene" uid="uid://ckoaj2gtk077j" path="res://resource/Common/Final/art_global_fruit_bowl.tscn" id="40_b548n"]
[ext_resource type="PackedScene" uid="uid://cqn2cqmmgrx3a" path="res://resource/Common/Final/art_global_potion_bottle_01.tscn" id="41_uehp7"]

[sub_resource type="BoxShape3D" id="BoxShape3D_mktx4"]
size = Vector3(14, 1, 14)

[sub_resource type="ConcavePolygonShape3D" id="ConcavePolygonShape3D_bgo40"]
data = PackedVector3Array(-6.0621777, -3, -3.4999998, -5.1961527, -3, -3, -3.4999993, -3, -6.062178, -3.4999993, -3, -6.062178, -5.1961527, -3, -3, -2.9999998, -3, -5.196153, -6.0621777, -3, -3.4999998, -6.000001, -3, -5.245367e-07, -5.1961527, -3, -3, -6.0621777, -3, -3.4999998, -7, -3, -6.119594e-07, -6.000001, -3, -5.245367e-07, -6.0621777, -3, -3.4999998, -3.4999993, -3, -6.062178, -3.4999993, 3, -6.062178, -6.0621777, -3, -3.4999998, -6.0621777, 3, -3.4999998, -7, -3, -6.119594e-07, -3.4999993, -3, -6.062178, -2.9999998, -3, -5.196153, 8.347416e-08, -3, -7, 8.347416e-08, -3, -7, -2.9999998, -3, -5.196153, 7.154929e-08, -3, -6.000001, -3.4999993, -3, -6.062178, 8.347416e-08, -3, -7, 8.347416e-08, 3, -7, -7, -3, -6.119594e-07, -5.1961527, -3, 3.000001, -6.000001, -3, -5.245367e-07, -7, -3, -6.119594e-07, -6.0621777, -3, 3.5000005, -5.1961527, -3, 3.000001, -6.0621777, -3, 3.5000005, -3.000001, -3, 5.1961527, -5.1961527, -3, 3.000001, -6.0621777, -3, 3.5000005, -3.5000005, -3, 6.0621777, -3.000001, -3, 5.1961527, -7, -3, -6.119594e-07, -7, 3, -6.119594e-07, -6.0621777, -3, 3.5000005, -6.0621777, -3, 3.5000005, -6.0621777, 3, 3.5000005, -3.5000005, -3, 6.0621777, -3.5000005, -3, 6.0621777, -2.6226834e-07, -3, 6.000001, -3.000001, -3, 5.1961527, -3.5000005, -3, 6.0621777, -3.059797e-07, -3, 7, -2.6226834e-07, -3, 6.000001, -3.5000005, -3, 6.0621777, -3.5000005, 3, 6.0621777, -3.059797e-07, -3, 7, -6.0621777, -3, -3.4999998, -3.4999993, 3, -6.062178, -6.0621777, 3, -3.4999998, -7, -3, -6.119594e-07, -6.0621777, 3, -3.4999998, -7, 3, -6.119594e-07, -6.0621777, 3, -3.4999998, -2.9999998, 3, -5.196153, -5.1961527, 3, -3, -6.0621777, 3, -3.4999998, -3.4999993, 3, -6.062178, -2.9999998, 3, -5.196153, -6.0621777, 3, -3.4999998, -5.1961527, 3, -3, -7, 3, -6.119594e-07, -7, 3, -6.119594e-07, -5.1961527, 3, -3, -6.000001, 3, -5.2453674e-07, -3.4999993, -3, -6.062178, 8.347416e-08, 3, -7, -3.4999993, 3, -6.062178, -3.4999993, 3, -6.062178, 7.1549294e-08, 3, -6.000001, -2.9999998, 3, -5.196153, -3.4999993, 3, -6.062178, 8.347416e-08, 3, -7, 7.1549294e-08, 3, -6.000001, -6.0621777, -3, 3.5000005, -7, 3, -6.119594e-07, -6.0621777, 3, 3.5000005, -3.5000005, -3, 6.0621777, -6.0621777, 3, 3.5000005, -3.5000005, 3, 6.0621777, -7, 3, -6.119594e-07, -6.000001, 3, -5.2453674e-07, -6.0621777, 3, 3.5000005, -6.0621777, 3, 3.5000005, -6.000001, 3, -5.2453674e-07, -5.1961527, 3, 3.000001, -6.0621777, 3, 3.5000005, -5.1961527, 3, 3.000001, -3.5000005, 3, 6.0621777, -3.5000005, 3, 6.0621777, -5.1961527, 3, 3.000001, -3.000001, 3, 5.1961527, -3.059797e-07, -3, 7, -3.5000005, 3, 6.0621777, -3.059797e-07, 3, 7, -3.5000005, 3, 6.0621777, -3.000001, 3, 5.1961527, -3.059797e-07, 3, 7, -3.059797e-07, 3, 7, -3.000001, 3, 5.1961527, -2.6226837e-07, 3, 6.000001, 8.347416e-08, -3, -7, 7.154929e-08, -3, -6.000001, 0.7803846, -3, -5.7908974, 8.347416e-08, -3, -7, 0.7803846, -3, -5.7908974, 0.89799017, -3, -6.2298074, 8.347416e-08, -3, -7, 0.89799017, -3, -6.2298074, 3.4999993, -3, -6.062178, 3.4999993, -3, -6.062178, 0.89799017, -3, -6.2298074, 2.3372214, -3, -5.8441663, 3.4999993, -3, -6.062178, 2.3372214, -3, -5.8441663, 2.219616, -3, -5.4052563, 3.4999993, -3, -6.062178, 2.219616, -3, -5.4052563, 2.9999998, -3, -5.196153, 8.347416e-08, -3, -7, 3.4999993, -3, -6.062178, 3.4999993, 3, -6.062178, 3.4999993, -3, -6.062178, 2.9999998, -3, -5.196153, 6.062179, -3, -3.4999983, 6.062179, -3, -3.4999983, 2.9999998, -3, -5.196153, 5.196154, -3, -2.9999988, 6.062179, -3, -3.4999983, 5.196154, -3, -2.9999988, 7, -3, 0, 7, -3, 0, 5.196154, -3, -2.9999988, 6.000001, -3, 0, 3.4999993, -3, -6.062178, 6.062179, -3, -3.4999983, 6.062179, 3, -3.4999983, 6.062179, -3, -3.4999983, 7, -3, 0, 7, 3, 0, -3.059797e-07, -3, 7, 3, -3, 5.196153, -2.6226834e-07, -3, 6.000001, -3.059797e-07, -3, 7, 3.4999998, -3, 6.062178, 3, -3, 5.196153, -3.059797e-07, -3, 7, -3.059797e-07, 3, 7, 3.4999998, -3, 6.062178, 7, -3, 0, 6.000001, -3, 0, 6.0621777, -3, 3.5, 6.0621777, -3, 3.5, 6.000001, -3, 0, 5.1961527, -3, 3.0000005, 3.4999998, -3, 6.062178, 5.1961527, -3, 3.0000005, 3, -3, 5.196153, 3.4999998, -3, 6.062178, 6.0621777, -3, 3.5, 5.1961527, -3, 3.0000005, 7, -3, 0, 6.0621777, -3, 3.5, 6.0621777, 3, 3.5, 3.4999998, -3, 6.062178, 3.4999998, 3, 6.062178, 6.0621777, -3, 3.5, 8.347416e-08, -3, -7, 3.4999993, 3, -6.062178, 8.347416e-08, 3, -7, 8.347416e-08, 3, -7, 2.9999998, 3, -5.196153, 7.1549294e-08, 3, -6.000001, 8.347416e-08, 3, -7, 3.4999993, 3, -6.062178, 2.9999998, 3, -5.196153, 3.4999993, -3, -6.062178, 6.062179, 3, -3.4999983, 3.4999993, 3, -6.062178, 6.062179, -3, -3.4999983, 7, 3, 0, 6.062179, 3, -3.4999983, 3.4999993, 3, -6.062178, 5.196154, 3, -2.9999988, 2.9999998, 3, -5.196153, 3.4999993, 3, -6.062178, 6.062179, 3, -3.4999983, 5.196154, 3, -2.9999988, 6.062179, 3, -3.4999983, 6.000001, 3, 0, 5.196154, 3, -2.9999988, 6.062179, 3, -3.4999983, 7, 3, 0, 6.000001, 3, 0, -3.059797e-07, 3, 7, 3.4999998, 3, 6.062178, 3.4999998, -3, 6.062178, -3.059797e-07, 3, 7, -2.6226837e-07, 3, 6.000001, 3.4999998, 3, 6.062178, 3.4999998, 3, 6.062178, -2.6226837e-07, 3, 6.000001, 3, 3, 5.196153, 7, -3, 0, 6.0621777, 3, 3.5, 7, 3, 0, 6.0621777, -3, 3.5, 3.4999998, 3, 6.062178, 6.0621777, 3, 3.5, 7, 3, 0, 5.1961527, 3, 3.0000005, 6.000001, 3, 0, 7, 3, 0, 6.0621777, 3, 3.5, 5.1961527, 3, 3.0000005, 3.4999998, 3, 6.062178, 3, 3, 5.196153, 6.0621777, 3, 3.5, 6.0621777, 3, 3.5, 3, 3, 5.196153, 5.1961527, 3, 3.0000005, -5.1961527, -3, -3, -2.9999998, 3, -5.196153, -2.9999998, -3, -5.196153, -6.000001, -3, -5.245367e-07, -5.1961527, 3, -3, -5.1961527, -3, -3, -2.9999998, -3, -5.196153, 7.1549294e-08, 3, -6.000001, 7.154929e-08, -3, -6.000001, -5.1961527, -3, 3.000001, -6.000001, 3, -5.2453674e-07, -6.000001, -3, -5.245367e-07, -3.000001, -3, 5.1961527, -5.1961527, 3, 3.000001, -5.1961527, -3, 3.000001, -2.6226834e-07, -3, 6.000001, -3.000001, 3, 5.1961527, -3.000001, -3, 5.1961527, -2.9999998, 3, -5.196153, -5.1961527, -3, -3, -5.1961527, 3, -3, -6.000001, -3, -5.245367e-07, -6.000001, 3, -5.2453674e-07, -5.1961527, 3, -3, 7.1549294e-08, 3, -6.000001, -2.9999998, -3, -5.196153, -2.9999998, 3, -5.196153, -6.000001, 3, -5.2453674e-07, -5.1961527, -3, 3.000001, -5.1961527, 3, 3.000001, -3.000001, -3, 5.1961527, -3.000001, 3, 5.1961527, -5.1961527, 3, 3.000001, -2.6226834e-07, -3, 6.000001, -2.6226837e-07, 3, 6.000001, -3.000001, 3, 5.1961527, 0.7803846, -0.78673506, -5.7908974, 0.7803846, -3, -5.7908974, 7.154929e-08, -3, -6.000001, 2.219616, -0.78673506, -5.4052563, 2.9999998, -3, -5.196153, 2.219616, -3, -5.4052563, 0.7803846, -0.78673506, -5.7908974, 7.154929e-08, -3, -6.000001, 7.1549294e-08, 3, -6.000001, 2.219616, -0.78673506, -5.4052563, 2.9999998, 3, -5.196153, 2.9999998, -3, -5.196153, 2.9999998, -3, -5.196153, 5.196154, 3, -2.9999988, 5.196154, -3, -2.9999988, 5.196154, -3, -2.9999988, 6.000001, 3, 0, 6.000001, -3, 0, -2.6226834e-07, -3, 6.000001, 3, -3, 5.196153, -2.6226837e-07, 3, 6.000001, 6.000001, -3, 0, 5.1961527, 3, 3.0000005, 5.1961527, -3, 3.0000005, 5.1961527, -3, 3.0000005, 3, 3, 5.196153, 3, -3, 5.196153, 0.7803846, -0.78673506, -5.7908974, 2.9999998, 3, -5.196153, 2.219616, -0.78673506, -5.4052563, 0.7803846, -0.78673506, -5.7908974, 7.1549294e-08, 3, -6.000001, 2.9999998, 3, -5.196153, 2.9999998, -3, -5.196153, 2.9999998, 3, -5.196153, 5.196154, 3, -2.9999988, 5.196154, -3, -2.9999988, 5.196154, 3, -2.9999988, 6.000001, 3, 0, 3, -3, 5.196153, 3, 3, 5.196153, -2.6226837e-07, 3, 6.000001, 6.000001, -3, 0, 6.000001, 3, 0, 5.1961527, 3, 3.0000005, 5.1961527, -3, 3.0000005, 5.1961527, 3, 3.0000005, 3, 3, 5.196153, 0.89799017, -0.78673506, -6.2298074, 0.89799017, -3, -6.2298074, 0.7803846, -3, -5.7908974, 0.89799017, -0.78673506, -6.2298074, 0.7803846, -3, -5.7908974, 0.7803846, -0.78673506, -5.7908974, 0.89799017, -0.78673506, -6.2298074, 2.3372214, -0.78673506, -5.8441663, 0.89799017, -3, -6.2298074, 2.3372214, -0.78673506, -5.8441663, 2.3372214, -3, -5.8441663, 0.89799017, -3, -6.2298074, 2.219616, -0.78673506, -5.4052563, 2.219616, -3, -5.4052563, 2.3372214, -3, -5.8441663, 2.219616, -0.78673506, -5.4052563, 2.3372214, -3, -5.8441663, 2.3372214, -0.78673506, -5.8441663, 0.89799017, -0.78673506, -6.2298074, 0.7803846, -0.78673506, -5.7908974, 2.3372214, -0.78673506, -5.8441663, 0.7803846, -0.78673506, -5.7908974, 2.219616, -0.78673506, -5.4052563, 2.3372214, -0.78673506, -5.8441663)

[sub_resource type="CylinderShape3D" id="CylinderShape3D_mktx4"]
height = 4.6690674
radius = 1.3339844

[sub_resource type="BoxShape3D" id="BoxShape3D_edy72"]
size = Vector3(0.7519531, 0.6986084, 0.4906006)

[sub_resource type="Curve" id="Curve_7227o"]
_data = [Vector2(0.102612, 1), 0.0, 0.0, 0, 0, Vector2(1, 0), 0.0, 0.0, 0, 0]
point_count = 2

[sub_resource type="CurveTexture" id="CurveTexture_23slo"]
curve = SubResource("Curve_7227o")

[sub_resource type="Curve" id="Curve_cbibj"]
_limits = [0.0, 5.0, 0.0, 1.0]
_data = [Vector2(0.164179, 5), 0.0, 0.0, 0, 0, Vector2(1, 0), 0.0, 0.0, 0, 0]
point_count = 2

[sub_resource type="CurveTexture" id="CurveTexture_v2nrj"]
curve = SubResource("Curve_cbibj")

[sub_resource type="Curve" id="Curve_6h23u"]
_data = [Vector2(0, 0), 0.0, 0.0, 0, 0, Vector2(0.141791, 1), 0.0, 0.0, 0, 0, Vector2(1, 0), 0.0, 0.0, 0, 0]
point_count = 3

[sub_resource type="CurveTexture" id="CurveTexture_3u1qr"]
curve = SubResource("Curve_6h23u")

[sub_resource type="ParticleProcessMaterial" id="ParticleProcessMaterial_qee6a"]
lifetime_randomness = 0.4
particle_flag_align_y = true
angle_max = 180.0
velocity_pivot = Vector3(1, 1, 1)
direction = Vector3(0, 0, 1)
initial_velocity_min = 2.0
initial_velocity_max = 3.0
gravity = Vector3(0, 0, 0)
scale_min = 0.05
scale_max = 0.1
scale_curve = SubResource("CurveTexture_3u1qr")
color = Color(0, 0.380392, 0.92549, 1)
alpha_curve = SubResource("CurveTexture_23slo")
emission_curve = SubResource("CurveTexture_v2nrj")

[sub_resource type="StandardMaterial3D" id="StandardMaterial3D_0isau"]
transparency = 1
shading_mode = 0
albedo_color = Color(0.5534614, 0.7956199, 0.926091, 1)

[sub_resource type="ArrayMesh" id="ArrayMesh_oucq8"]
_surfaces = [{
"aabb": AABB(-0.0402224, -0.702579, -0.0464448, 0.0804447, 0.739765, 0.0696672),
"format": 34896613377,
"index_count": 18,
"index_data": PackedByteArray("AgADAAEAAwAEAAEABAACAAEAAAACAAQAAAAEAAMAAAADAAIA"),
"primitive": 3,
"uv_scale": Vector4(0, 0, 0, 0),
"vertex_count": 5,
"vertex_data": PackedByteArray("/38AAKmqAAD/f///qaoAAP9/o+sAAAAA//+j6///AAAAAKPr//8AAA==")
}]
blend_shape_mode = 0

[sub_resource type="ArrayMesh" id="ArrayMesh_0hkbl"]
resource_name = "cylinder_Cylinder"
_surfaces = [{
"aabb": AABB(-0.0402224, -0.702579, -0.0464448, 0.0804447, 0.739765, 0.0696672),
"attribute_data": PackedByteArray("qar//1TV////////qar/f1TV/3//f/9///+2jv9/to5U1baOqaq2jg=="),
"format": 34896613399,
"index_count": 18,
"index_data": PackedByteArray("BgAIAAQACAAJAAMACQAHAAUAAAAHAAkAAQAJAAgAAgAIAAYA"),
"material": SubResource("StandardMaterial3D_0isau"),
"primitive": 3,
"uv_scale": Vector4(2, 1, 0, 0),
"vertex_count": 10,
"vertex_data": PackedByteArray("/38AAKmqjOL/fwAAqar/v/9/AACpqozi/3///6mq/7//f///qaqM4v9///+pqozi/3+j6wAA5P3/f6PrAADk/f//o+v//3uwAACj6///mKypMVLjAAD/f1NjVU7///9/Vc6sHKucqbEsoPET8ZPS33SpEgFvtADe")
}]
blend_shape_mode = 0
shadow_mesh = SubResource("ArrayMesh_oucq8")

[sub_resource type="ArrayMesh" id="ArrayMesh_hv8sr"]
_surfaces = [{
"aabb": AABB(-1, -1, -4.37114e-08, 2, 2.00001, 1.00874e-05),
"format": 34896613377,
"index_count": 66,
"index_data": PackedByteArray("AAACAAEAAgAEAAMABAAGAAUABgAIAAcACAAKAAkACgAMAAsADAAOAA0ADgAQAA8AEAASABEAEgAUABMAFAAWABUAFgAAABcAAAAEAAIABAAIAAYACAAMAAoADAAQAA4AEAAUABIAFAAAABYAAAAIAAQACAAQAAwAEAAAABQACAAAABAA"),
"primitive": 3,
"uv_scale": Vector4(0, 0, 0, 0),
"vertex_count": 24,
"vertex_data": PackedByteArray("/3/+/zcCAADeXqL7LgIAAP8/2O4RAgAAfSWB2uQBAAAmEf+/qQEAAFwEIKFlAQAAAAD/fxsBAABcBN5e0gAAACYR/z+NAAAAfSV9JVMAAAD/PyURJgAAAN5eXAQJAAAA/38AAAAAAAAgoVwECQAAAP+/JREmAAAAgdp9JVMAAADY7v8/jQAAAKL73l7SAAAA////fxsBAACi+yChZQEAANju/7+pAQAAgdqB2uQBAAD/v9juEQIAACChovsuAgAA")
}]
blend_shape_mode = 0

[sub_resource type="ArrayMesh" id="ArrayMesh_5bw8n"]
resource_name = "Untitled_Circle_001"
_surfaces = [{
"aabb": AABB(-1, -1, -4.37114e-08, 2, 2.00001, 1.00874e-05),
"attribute_data": PackedByteArray("mk6/CGsxmBmYGWsxvwiaTgYAJm8GANiQvwhksZgZk85rMWbmmk4/9yZv+P/YkPj/ZLE/95POZuZm5pPOP/dksfj/2JD4/yZvP/eaTmbmazGTzpgZZLG/CNiQBgAmbwYA"),
"format": 34896613399,
"index_count": 66,
"index_data": PackedByteArray("AAACAAEAAgAEAAMABAAGAAUABgAIAAcACAAKAAkACgAMAAsADAAOAA0ADgAQAA8AEAASABEAEgAUABMAFAAWABUAFgAAABcAAAAEAAIABAAIAAYACAAMAAoADAAQAA4AEAAUABIAFAAAABYAAAAIAAQACAAQAAwAEAAAABQACAAAABAA"),
"material": ExtResource("31_v2nrj"),
"primitive": 3,
"uv_scale": Vector4(0, 0, 0, 0),
"vertex_count": 24,
"vertex_data": PackedByteArray("/3/+/zcC/4/eXqL7LgL/j/8/2O4RAv+PfSWB2uQB/48mEf+/qQH/j1wEIKFlAf+PAAD/fxsB/49cBN5e0gD/jyYR/z+NAP+PfSV9JVMA/4//PyURJgD/j95eXAQJAP+P/38AAAAA/48goVwECQD/j/+/JREmAP+Pgdp9JVMA/4/Y7v8/jQD/j6L73l7SAP+P////fxsB/4+i+yChZQH/j9ju/7+pAf+PgdqB2uQB/4//v9juEQL/jyChovsuAv+P/3//f/9//3//f/9//3//f/9//3//f/9//3//f/9//3//f/9//3//f/9//3//f/9//3//f/9//3//f/9//3//f/9//3//f/9//3//f/9//3//f/9//3//f/9//3//f/9/")
}]
blend_shape_mode = 0
shadow_mesh = SubResource("ArrayMesh_hv8sr")

[node name="Floor1" type="Node3D"]

[node name="Props_Environment" type="Node3D" parent="."]

[node name="F1WallDoor" type="MeshInstance3D" parent="Props_Environment"]
material_override = ExtResource("1_6hkfx")
mesh = ExtResource("2_hui2q")
skeleton = NodePath("../../..")

[node name="F1WallClear" type="MeshInstance3D" parent="Props_Environment"]
transform = Transform3D(0.8660254, 0, 0.5, 0, 1, 0, -0.5, 0, 0.8660254, 0, 0, 0)
material_override = ExtResource("1_6hkfx")
mesh = ExtResource("3_y8vtf")
skeleton = NodePath("../..")

[node name="F1WallClear2" type="MeshInstance3D" parent="Props_Environment"]
transform = Transform3D(0.5, 0, 0.8660254, 0, 1, 0, -0.8660254, 0, 0.5, 0, 0, 0)
material_override = ExtResource("1_6hkfx")
mesh = ExtResource("3_y8vtf")
skeleton = NodePath("../..")

[node name="F1WallClear3" type="MeshInstance3D" parent="Props_Environment"]
transform = Transform3D(-0.5, 0, 0.8660254, 0, 1, 0, -0.8660254, 0, -0.5, 0, 0, 0)
material_override = ExtResource("1_6hkfx")
mesh = ExtResource("3_y8vtf")
skeleton = NodePath("../..")

[node name="F1WallClear4" type="MeshInstance3D" parent="Props_Environment"]
transform = Transform3D(-0.8660254, 0, 0.5, 0, 1, 0, -0.5, 0, -0.8660254, 0, 0, 0)
material_override = ExtResource("1_6hkfx")
mesh = ExtResource("3_y8vtf")
skeleton = NodePath("../..")

[node name="F1WallClear5" type="MeshInstance3D" parent="Props_Environment"]
transform = Transform3D(-1, 0, 0, 0, 1, 0, 0, 0, -1, 0, 0, 0)
material_override = ExtResource("1_6hkfx")
mesh = ExtResource("3_y8vtf")
skeleton = NodePath("../..")

[node name="F1WallClear6" type="MeshInstance3D" parent="Props_Environment"]
transform = Transform3D(-0.8660254, 0, -0.5, 0, 1, 0, 0.5, 0, -0.8660254, 0, 0, 0)
material_override = ExtResource("1_6hkfx")
mesh = ExtResource("3_y8vtf")
skeleton = NodePath("../..")

[node name="F1WallClear7" type="MeshInstance3D" parent="Props_Environment"]
transform = Transform3D(-0.5, 0, -0.8660254, 0, 1, 0, 0.8660254, 0, -0.5, 0, 0, 0)
material_override = ExtResource("1_6hkfx")
mesh = ExtResource("3_y8vtf")
skeleton = NodePath("../..")

[node name="F1WallClear8" type="MeshInstance3D" parent="Props_Environment"]
transform = Transform3D(0, 0, -1, 0, 1, 0, 1, 0, 0, 0, 0, 0)
material_override = ExtResource("1_6hkfx")
mesh = ExtResource("3_y8vtf")
skeleton = NodePath("../..")

[node name="F1WallClear9" type="MeshInstance3D" parent="Props_Environment"]
transform = Transform3D(0.86602545, 0, -0.49999997, 0, 1, 0, 0.49999997, 0, 0.86602545, 0, 0, 0)
material_override = ExtResource("1_6hkfx")
mesh = ExtResource("3_y8vtf")
skeleton = NodePath("../..")

[node name="F1WallWindowRight" type="MeshInstance3D" parent="Props_Environment"]
transform = Transform3D(-4.371139e-08, 0, 1, 0, 1, 0, -1, 0, -4.371139e-08, 0, 0, 0)
material_override = ExtResource("1_6hkfx")
mesh = ExtResource("4_jaypt")

[node name="F1WallWindowCenter" type="MeshInstance3D" parent="Props_Environment"]
transform = Transform3D(0.49999997, 0, -0.86602545, 0, 1, 0, 0.86602545, 0, 0.49999997, 0, 0, 0)
material_override = ExtResource("1_6hkfx")
mesh = ExtResource("5_h01gg")

[node name="ART_F1_StoneBrickFloor_Final" parent="Props_Environment" instance=ExtResource("6_4f5xm")]
transform = Transform3D(1, 0, 0, 0, 1, 0, 0, 0, 1, 0, 0, -0.33670378)

[node name="ART_GLOBAL_WindowFrame_Model" parent="Props_Environment" instance=ExtResource("7_po5pa")]
transform = Transform3D(-4.371139e-08, 0, 1, 0, 1, 0, -1, 0, -4.371139e-08, 0, 0, -0.5)

[node name="ART_GLOBAL_WindowFrame_Model2" parent="Props_Environment" instance=ExtResource("7_po5pa")]
transform = Transform3D(0.50000006, 0, -0.8660253, 0, 1, 0, 0.8660253, 0, 0.50000006, 0, 0, 0)

[node name="ART_F1_StoneBrickFloor_Final_Tile" parent="Props_Environment" instance=ExtResource("8_70lor")]

[node name="ART_F1_GrandfatherClock_Final" parent="Props_Environment" instance=ExtResource("9_edy72")]
transform = Transform3D(0.64775956, 0, 1.0101523, 0, 1.2, 0, -1.0101523, 0, 0.64775956, -4.448208, 4.7683716e-07, -3.4681733)

[node name="ART_F1_StairSupport_Final" parent="Props_Environment" instance=ExtResource("10_kso46")]

[node name="ART_F1_Stove_Model" parent="Props_Environment" instance=ExtResource("11_tx62q")]

[node name="ART_GLOBAL_CeilingBeams_Model_Vertical" parent="Props_Environment" instance=ExtResource("12_ua5wc")]

[node name="ART_F1_Ceiling_Model" parent="Props_Environment" instance=ExtResource("13_oo3qt")]
transform = Transform3D(1, 0, 0, 0, 1, 0, 0, 0, 1, 0, -2, 0)

[node name="ART_F1_FrontDoor_Final" parent="Props_Environment" instance=ExtResource("14_mktx4")]
transform = Transform3D(0.9, 0, 0, 0, 0.9, 0, 0, 0, 1, 0, 0, -0.48971534)

[node name="ART_F1_Countertop_Final" parent="Props_Environment" instance=ExtResource("17_jaypt")]

[node name="ART_GLOBAL_Stairs_Model" parent="Props_Environment" instance=ExtResource("18_4f5xm")]
transform = Transform3D(0.96592563, 0, 0.25881898, 0, 1, 0, -0.25881898, 0, 0.96592563, 0, 0, 0)

[node name="ART_GLOBAL_Grain_Sack" parent="Props_Environment" instance=ExtResource("19_tx62q")]
transform = Transform3D(0.18484333, 0, 0.982768, 0, 1, 0, -0.982768, 0, 0.18484333, -1.135973, 0.2120099, 3.8187566)

[node name="ART_GLOBAL_Grain_Sack2" parent="Props_Environment" instance=ExtResource("19_tx62q")]
transform = Transform3D(-0.14200704, 0, 0.98986566, 0, 1, 0, -0.98986566, 0, -0.14200704, -1.0502048, 0.08890009, 3.4679184)

[node name="ART_GLOBAL_Grain_Sack3" parent="Props_Environment" instance=ExtResource("19_tx62q")]
transform = Transform3D(0.8045623, 0, 0.5938683, 0, 1, 0, -0.5938683, 0, 0.8045623, -1.4842197, 0.08890009, 3.724332)

[node name="ART_GLOBAL_Grain_Sack4" parent="Props_Environment" instance=ExtResource("19_tx62q")]
transform = Transform3D(0.5251746, 0, 0.85099447, 0, 1, 0, -0.85099447, 0, 0.5251746, -1.3727739, 0.08890021, 3.5082247)

[node name="Lighting" type="Node3D" parent="."]

[node name="OmniLight3D" type="OmniLight3D" parent="Lighting"]
transform = Transform3D(1, 0, 0, 0, 1, 0, 0, 0, 1, 0.5017395, 1.2272917, 1.0496444)
visible = false
light_color = Color(1, 0.71500003, 0.55, 1)
light_energy = 1.5
shadow_enabled = true
shadow_bias = 0.03
shadow_normal_bias = 1.5
shadow_opacity = 0.95
shadow_blur = 1.5
omni_range = 7.0

[node name="OmniLight3D2" type="OmniLight3D" parent="Lighting"]
transform = Transform3D(1, 0, 0, 0, 1, 0, 0, 0, 1, -1.5967636, 3.3943653, 1.0496444)
light_color = Color(1, 0.745, 0.55, 1)
light_energy = 0.2
light_indirect_energy = 2.0
shadow_bias = 0.03
shadow_normal_bias = 1.5
shadow_opacity = 0.9
shadow_blur = 2.0
omni_range = 3.0
omni_attenuation = 1.2

[node name="OmniLight3D2" type="OmniLight3D" parent="Lighting/OmniLight3D2"]
transform = Transform3D(1, 0, 0, 0, 1, 0, 0, 0, 1, 4.054557, -1.3308573, -4.9910293)
light_color = Color(1, 0.745, 0.55, 1)
light_energy = 0.05
light_indirect_energy = 1.083
shadow_bias = 0.03
shadow_normal_bias = 1.5
shadow_opacity = 0.9
shadow_blur = 2.0
omni_range = 3.0
omni_attenuation = 1.2

[node name="Root Scene" parent="Lighting/OmniLight3D2" instance=ExtResource("19_mktx4")]
transform = Transform3D(0.37055895, 0, -0.15061906, 0, 0.4, 0, 0.15061906, 0, 0.37055895, -0.9130155, -2.0628645, 3.2004046)

[node name="SpotLight3D" type="SpotLight3D" parent="Lighting"]
transform = Transform3D(-4.371139e-08, 0, -1, 0, 1, 0, 1, 0, -4.371139e-08, -6.2680244, 1.7430544, -0.4836231)
light_color = Color(0.55, 0.8499999, 1, 1)
light_energy = 1.2
light_indirect_energy = 2.0
shadow_enabled = true
shadow_bias = 0.02
shadow_normal_bias = 2.0
shadow_opacity = 0.9
shadow_blur = 2.5
spot_range = 8.0
spot_attenuation = 0.5
spot_angle = 80.0

[node name="SpotLight3D2" type="SpotLight3D" parent="Lighting"]
transform = Transform3D(-0.5000001, 0, 0.8660254, 0, 1, 0, -0.8660254, 0, -0.5000001, 5.434574, 1.7430544, -3.139147)
light_color = Color(0.55, 0.8499999, 1, 1)
light_energy = 1.2
light_indirect_energy = 2.0
shadow_enabled = true
shadow_bias = 0.02
shadow_normal_bias = 2.0
shadow_opacity = 0.9
shadow_blur = 2.5
spot_range = 8.0
spot_attenuation = 0.5
spot_angle = 80.0

[node name="DEV_OmniLight3D" type="OmniLight3D" parent="Lighting"]
transform = Transform3D(1, 0, 0, 0, 1, 0, 0, 0, 1, 0, 6, 0)
visible = false
light_energy = 1.5
omni_range = 48.102

[node name="DEV_DirectionalLight3D" type="DirectionalLight3D" parent="Lighting"]
visible = false

[node name="OmniLight3D4" type="OmniLight3D" parent="Lighting"]
transform = Transform3D(1, 0, 0, 0, 1, 0, 0, 0, 1, -4.782802, 2.4940372, -2.2381914)
light_color = Color(1, 0.8, 0.6, 1)
light_energy = 0.8
light_indirect_energy = 2.0
shadow_enabled = true
shadow_bias = 0.05
shadow_opacity = 0.95
shadow_blur = 2.0
shadow_caster_mask = 4294967293
omni_range = 8.0
omni_attenuation = 1.2

[node name="OmniLight3D5" type="OmniLight3D" parent="Lighting"]
transform = Transform3D(-1, 0, 8.742278e-08, 0, 1, 0, -8.742278e-08, 0, -1, 4.5433617, 4.0021186, 2.548841)
light_color = Color(1, 0.8, 0.6, 1)
light_energy = 0.8
light_indirect_energy = 2.0
shadow_enabled = true
shadow_bias = 0.05
shadow_opacity = 0.95
shadow_blur = 2.0
shadow_caster_mask = 4294967293
omni_range = 8.0
omni_attenuation = 1.5

[node name="ART_GLOBAL_Lantern_Hanging2" parent="Lighting/OmniLight3D5" instance=ExtResource("20_ua5wc")]
transform = Transform3D(1, 0, 0, 0, 1, 0, 0, 0, 1, 0, 0.5, 0)

[node name="OmniLight3D6" type="OmniLight3D" parent="Lighting"]
transform = Transform3D(-0.4448071, 0, 0.89562637, 0, 1, 0, -0.89562637, 0, -0.4448071, -1.5741098, 1.6958406, 4.099342)
light_color = Color(1, 0.6, 0.19999999, 1)
light_energy = 0.41
shadow_enabled = true
shadow_bias = 0.05
shadow_blur = 2.5
omni_range = 4.0
omni_attenuation = 1.2
script = ExtResource("21_bgo40")

[node name="ART_GLOBAL_Candle_022" parent="Lighting/OmniLight3D6" instance=ExtResource("21_mktx4")]
transform = Transform3D(-0.45248148, 0, -0.8917738, 0, 1, 0, 0.8917738, 0, -0.45248148, 0.018124819, -0.360901, -0.072387695)

[node name="OmniLight3D7" type="OmniLight3D" parent="Lighting"]
transform = Transform3D(-0.8567716, 0, -0.51569617, 0, 1, 0, 0.51569617, 0, -0.8567716, -5.25249, 1.6958407, 1.3658451)
light_color = Color(1, 0.6, 0.19999999, 1)
light_energy = 0.41
shadow_enabled = true
shadow_bias = 0.05
shadow_normal_bias = 1.5
shadow_opacity = 0.95
shadow_blur = 2.5
omni_range = 4.0
omni_attenuation = 1.2
script = ExtResource("21_bgo40")

[node name="ART_GLOBAL_Candle_022" parent="Lighting/OmniLight3D7" instance=ExtResource("21_mktx4")]
transform = Transform3D(-0.45248148, 0, -0.8917738, 0, 1, 0, 0.8917738, 0, -0.45248148, 0.022, -0.366, -0.065)

[node name="OmniLight3D8" type="OmniLight3D" parent="Lighting"]
transform = Transform3D(-0.8567716, 0, -0.51569617, 0, 1, 0, 0.51569617, 0, -0.8567716, 0.8324697, 4.6169534, 0)
light_color = Color(1, 0.6, 0.19999999, 1)
light_energy = 0.41
shadow_bias = 0.05
shadow_blur = 2.5
omni_range = 4.0
omni_attenuation = 1.2

[node name="OmniLight3D9" type="OmniLight3D" parent="Lighting"]
transform = Transform3D(-0.8567716, 0, -0.51569617, 0, 1, 0, 0.51569617, 0, -0.8567716, -0.7393353, 4.6169534, 0)
light_color = Color(1, 0.6, 0.19999999, 1)
light_energy = 0.41
shadow_bias = 0.05
shadow_blur = 2.5
omni_range = 4.0
omni_attenuation = 1.2

[node name="OmniLight3D10" type="OmniLight3D" parent="Lighting"]
transform = Transform3D(-4.371139e-08, 0, -1, 0, 1, 0, 1, 0, -4.371139e-08, 1.8597605, 3.3757477, -4.909163)
light_color = Color(1, 0.8, 0.6, 1)
light_energy = 0.8
light_indirect_energy = 2.0
shadow_enabled = true
shadow_bias = 0.05
shadow_opacity = 0.95
shadow_blur = 2.0
shadow_caster_mask = 4294967293
omni_range = 6.0
omni_attenuation = 1.4

[node name="ART_GLOBAL_Lantern_Hanging2" parent="Lighting/OmniLight3D10" instance=ExtResource("20_ua5wc")]
transform = Transform3D(1, 0, 0, 0, 1, 0, 0, 0, 1, 0, 0.5, 0)

[node name="ART_GLOBAL_Lantern_Post2" parent="Lighting/OmniLight3D10" instance=ExtResource("21_oo3qt")]
transform = Transform3D(0.5000001, 0, 0.8660259, 0, 1, 0, -0.8660259, 0, 0.5000001, -0.51718426, 0.5781908, -0.2940402)

[node name="Props" type="Node3D" parent="."]

[node name="Furniture_TableCShort2" parent="Props" instance=ExtResource("23_bgo40")]
transform = Transform3D(1, 0, 0, 0, 1, 0, 0, 0, 1, -5.034325, 0.08890033, -0.66245866)

[node name="ART_GLOBAL_Lantern_Hanging2" parent="Props" instance=ExtResource("20_ua5wc")]
transform = Transform3D(1, 0, 0, 0, 1, 0, 0, 0, 1, -4.809071, 2.9940372, -2.2062922)

[node name="ART_GLOBAL_Lantern_Post2" parent="Props" instance=ExtResource("21_oo3qt")]
transform = Transform3D(0.49999997, 0, 0.86602545, 0, 1, 0, -0.86602545, 0, 0.49999997, -5.2452183, 3.047162, -2.472172)

[node name="ART_GLOBAL_Lantern_Post3" parent="Props" instance=ExtResource("21_oo3qt")]
transform = Transform3D(-0.50000006, 0, -0.8660254, 0, 1, 0, 0.8660254, 0, -0.50000006, 5.05716, 4.5552435, 2.8412466)

[node name="ART_F1_MagicBillyBass_PLAQUE_MODEL" parent="Props" instance=ExtResource("17_v2nrj")]
transform = Transform3D(0.88358563, 0, -0.46826884, 0, 1, 0, 0.46826884, 0, 0.88358563, 2.9260607, 2.2648554, -4.9777746)

[node name="ART_F1_Chair_Model" parent="Props" instance=ExtResource("18_3u1qr")]
transform = Transform3D(0.5775015, 0, 0.8163897, 0, 1, 0, -0.8163897, 0, 0.5775015, -0.8713951, 0.038916524, -0.14125091)

[node name="ART_F1_Sofa_Final" parent="Props" instance=ExtResource("19_oucq8")]
transform = Transform3D(0.8660254, 0, 0.5, 0, 1, 0, -0.5, 0, 0.8660254, -3.0129726, 0.008825541, -4.765876)

[node name="ART_F1_Stool_Model" parent="Props" instance=ExtResource("21_jaypt")]
transform = Transform3D(1, 0, 0, 0, 1, 0, 0, 0, 1, -4.966482, 0.07072237, -1.4916215)

[node name="ART_GLOBAL_Wooden_Log2" parent="Props" instance=ExtResource("27_bgo40")]
transform = Transform3D(0.5049796, 0, 0.8631313, 0, 1, 0, -0.8631313, 0, 0.5049796, 1.1589738, 0.15739691, 1.4286844)

[node name="ART_GLOBAL_Wooden_Log6" parent="Props" instance=ExtResource("27_bgo40")]
transform = Transform3D(-0.6448719, 0.03729162, -0.7633804, 0.7639307, 0.00079015945, -0.6452979, -0.023461048, -0.9993042, -0.028997678, 1.3335922, 0.15739691, 1.9487576)

[node name="ART_GLOBAL_Wooden_Log3" parent="Props" instance=ExtResource("27_bgo40")]
transform = Transform3D(0.9119882, -0.16695803, 0.3747032, 0.15443136, 0.985964, 0.0634503, -0.3800374, 0, 0.9249711, 0.43265086, 0.09055972, 1.7019444)

[node name="ART_GLOBAL_Wooden_Log4" parent="Props" instance=ExtResource("27_bgo40")]
transform = Transform3D(0.14048895, -0.085482165, 0.98638517, -0.6052906, 0.7809868, 0.15389225, -0.78350884, -0.6186698, 0.057978455, 0.83436954, 0.0905596, 1.271493)

[node name="ART_GLOBAL_Wooden_Log5" parent="Props" instance=ExtResource("27_bgo40")]
transform = Transform3D(-0.58754313, 0.07369143, -0.80583054, -0.63336134, 0.5779239, 0.514643, 0.5036335, 0.8127568, -0.29288173, 0.40363654, 0.19454849, 1.8736479)

[node name="ART_F1_Chandelier" parent="Props" instance=ExtResource("27_oo3qt")]
transform = Transform3D(1, 0, 0, 0, 1, 0, 0, 0, 1, 0, 3.7, 0)

[node name="ART_GLOBAL_Coffee_Table" parent="Props" instance=ExtResource("31_23slo")]
transform = Transform3D(-0.990548, 0, -0.3483023, 0, 1.05, 0, 0.3483023, 0, -0.990548, -2.0698276, 0, -2.7716053)

[node name="ART_GLOBAL_Table_RoundSmall22" parent="Props" instance=ExtResource("32_mktx4")]
transform = Transform3D(0.9556492, 0, 0.29450738, 0, 1, 0, -0.29450738, 0, 0.9556492, 2.9620588, 0.053329945, 0.57102966)

[node name="ART_GLOBAL_Books_Stack" parent="Props" instance=ExtResource("32_23slo")]
transform = Transform3D(0.8336931, 0, 0.55222803, 0, 1, 0, -0.55222803, 0, 0.8336931, 3.3191924, 1.1963965, 0.8682672)

[node name="ART_GLOBAL_Bottles_05" parent="Props" instance=ExtResource("33_oucq8")]
transform = Transform3D(-0.87606275, 0, -0.48219705, 0, 1, 0, 0.48219705, 0, -0.87606275, 3.0728052, 1.1963964, 0.2389409)

[node name="ART_GLOBAL_Bottles_04" parent="Props" instance=ExtResource("34_hv8sr")]
transform = Transform3D(-0.68313354, 0, 0.7302935, 0, 1, 0, -0.7302935, 0, -0.68313354, 3.1906285, 1.1963966, 0.17676657)

[node name="ART_GLOBAL_Bottles_02" parent="Props" instance=ExtResource("35_r3png")]
transform = Transform3D(-0.68844324, 0, 0.72529024, 0, 1, 0, -0.72529024, 0, -0.68844324, 3.0966148, 1.198897, 0.0755257)

[node name="ART_GLOBAL_Fruit_Basket" parent="Props" instance=ExtResource("36_nncji")]
transform = Transform3D(1, 0, 0, 0, 1.3, 0, 0, 0, 1, -5.505004, 0.088899925, -1.2352761)

[node name="ART_GLOBAL_Bottles_03" parent="Props" instance=ExtResource("37_uehp7")]
transform = Transform3D(0.8537235, 0, -0.52072656, 0, 1, 0, 0.52072656, 0, 0.8537235, -5.53541, 1.0380096, -0.19758013)

[node name="Collision" type="Node3D" parent="."]
visible = false

[node name="CSGCylinder3D" type="CSGCylinder3D" parent="Collision"]
transform = Transform3D(0.9659258, 0, 0.25881904, 0, 1, 0, -0.25881904, 0, 0.9659258, 0, 3, 0)
radius = 7.0
height = 6.0
sides = 12

[node name="CSGCylinder3D2" type="CSGCylinder3D" parent="Collision/CSGCylinder3D"]
transform = Transform3D(1.0000001, 0, 0, 0, 1, 0, 0, 0, 1.0000001, 0, 0, 0)
operation = 2
radius = 6.0
height = 7.0
sides = 12

[node name="CSGBox3D" type="CSGBox3D" parent="Collision/CSGCylinder3D"]
transform = Transform3D(0.96592706, 0, -0.2588193, 0, 1, 0, 0.2588193, 0, 0.96592706, 1.5452658, -1.9683307, -5.76701)
operation = 2
size = Vector3(1.49, 2.3631914, 0.559)

[node name="StaticBody3D" type="StaticBody3D" parent="Collision"]

[node name="CollisionShape3D" type="CollisionShape3D" parent="Collision/StaticBody3D"]
transform = Transform3D(1, 0, 0, 0, 1, 0, 0, 0, 1, 0, -0.5, 0)
shape = SubResource("BoxShape3D_mktx4")

[node name="CSGBakedCollisionShape3D" type="CollisionShape3D" parent="Collision/StaticBody3D"]
transform = Transform3D(0.9659258, 0, 0.25881904, 0, 1, 0, -0.25881904, 0, 0.9659258, 0, 3, 0)
shape = SubResource("ConcavePolygonShape3D_bgo40")

[node name="CollisionShape3D2" type="CollisionShape3D" parent="Collision/StaticBody3D"]
transform = Transform3D(1, 0, 0, 0, 1, 0, 0, 0, 1, 0.75, 2.1401978, 1.5)
shape = SubResource("CylinderShape3D_mktx4")

[node name="portal" type="Area3D" parent="."]
transform = Transform3D(3, 0, 0, 0, 3, 0, 0, 0, 3, 4.7727003, 1.0503978, -0.8574468)
script = ExtResource("26_70lor")
current_floor = 1

[node name="CollisionShape3D" type="CollisionShape3D" parent="portal"]
transform = Transform3D(0.8632459, 0, -0.50478387, 0, 1, 0, 0.50478387, 0, 0.8632459, -0.11536932, 0.36895788, 1.1511877)
shape = SubResource("BoxShape3D_edy72")

[node name="PortalVisual" type="Node3D" parent="portal"]

[node name="sparks" type="GPUParticles3D" parent="portal/PortalVisual"]
transform = Transform3D(0.24698798, -0.21430628, 0.064660296, 0.08405494, -0.0004495793, -0.32256132, 0.20746791, 0.2553112, 0.053707354, -0.5675287, 1.3296173, 1.7174056)
sorting_offset = -1.0
amount = 16
lifetime = 0.8
randomness = 1.0
fixed_fps = 60
process_material = SubResource("ParticleProcessMaterial_qee6a")
draw_pass_1 = SubResource("ArrayMesh_0hkbl")

[node name="sparks2" type="GPUParticles3D" parent="portal/PortalVisual"]
transform = Transform3D(0.18156773, -0.2143063, 0.17949146, 0.23407434, -0.0004495814, -0.2373188, 0.15281883, 0.25531122, 0.1502459, -0.6177095, 1.530071, 1.6756365)
sorting_offset = -1.0
amount = 16
lifetime = 0.8
randomness = 1.0
fixed_fps = 60
process_material = SubResource("ParticleProcessMaterial_qee6a")
draw_pass_1 = SubResource("ArrayMesh_0hkbl")

[node name="sparks3" type="GPUParticles3D" parent="portal/PortalVisual"]
transform = Transform3D(0.0014681424, -0.2143062, 0.25530726, 0.3333251, -0.0004495717, -0.0022941637, 0.0018193008, 0.2553111, 0.21429895, -0.77060056, 1.5981125, 1.5474213)
sorting_offset = -1.0
amount = 16
lifetime = 0.8
randomness = 1.0
fixed_fps = 60
process_material = SubResource("ParticleProcessMaterial_qee6a")
draw_pass_1 = SubResource("ArrayMesh_0hkbl")

[node name="sparks4" type="GPUParticles3D" parent="portal/PortalVisual"]
transform = Transform3D(-0.20829348, -0.21430628, 0.1476408, 0.19306657, -0.00044956012, 0.27172816, -0.17449993, 0.25531113, 0.124407016, -0.9242251, 1.4994916, 1.4182966)
sorting_offset = -1.0
amount = 16
lifetime = 0.8
randomness = 1.0
fixed_fps = 60
process_material = SubResource("ParticleProcessMaterial_qee6a")
draw_pass_1 = SubResource("ArrayMesh_0hkbl")

[node name="sparks5" type="GPUParticles3D" parent="portal/PortalVisual"]
transform = Transform3D(-0.24698798, -0.21430624, -0.06466027, -0.08405492, -0.0004495519, 0.3225612, -0.20746788, 0.2553111, -0.05370736, -0.9760206, 1.333288, 1.3745272)
sorting_offset = -1.0
amount = 16
lifetime = 0.8
randomness = 1.0
fixed_fps = 60
process_material = SubResource("ParticleProcessMaterial_qee6a")
draw_pass_1 = SubResource("ArrayMesh_0hkbl")

[node name="sparks6" type="GPUParticles3D" parent="portal/PortalVisual"]
transform = Transform3D(-0.14764076, -0.21430628, -0.20829341, -0.27172816, -0.00044955694, 0.19306657, -0.124407016, 0.25531113, -0.17449997, -0.92584, 1.1328337, 1.4162953)
sorting_offset = -1.0
amount = 16
lifetime = 0.8
randomness = 1.0
