[gd_scene load_steps=34 format=3 uid="uid://dk3ac3f26vyt1"]

[ext_resource type="Material" uid="uid://dyydde4c8mdnp" path="res://resource/Common/MAT_walls_01_triplanar.material" id="1_6hkfx"]
[ext_resource type="ArrayMesh" uid="uid://ckljxb7cxwcv6" path="res://resource/Floor1/f1_wall_door.res" id="2_hui2q"]
[ext_resource type="ArrayMesh" uid="uid://buob6naa08ux8" path="res://resource/Floor1/f1_wall_clear.res" id="3_y8vtf"]
[ext_resource type="ArrayMesh" uid="uid://hbqx0kjrwor6" path="res://resource/Floor1/f1_wall_window_right.res" id="4_jaypt"]
[ext_resource type="ArrayMesh" uid="uid://b3a36yw77dkv5" path="res://resource/Floor1/f1_wall_window_center.res" id="5_h01gg"]
[ext_resource type="PackedScene" uid="uid://p3y4bpxoadox" path="res://resource/Floor1/Final/art_f_1_stone_brick_floor_final.tscn" id="6_4f5xm"]
[ext_resource type="PackedScene" uid="uid://pqlat0kyxu3g" path="res://resource/Common/art_global_window_frame_model.tscn" id="7_po5pa"]
[ext_resource type="PackedScene" uid="uid://d0q5gpv7gisxt" path="res://resource/Floor1/Final/art_f_1_stone_brick_floor_final_tile.tscn" id="8_70lor"]
[ext_resource type="PackedScene" uid="uid://u0dphv7sgbih" path="res://resource/Floor1/Final/art_f_1_grandfather_clock_final.tscn" id="9_edy72"]
[ext_resource type="PackedScene" uid="uid://bjurv7h181la5" path="res://resource/Floor1/Final/art_f_1_stair_support_final.tscn" id="10_kso46"]
[ext_resource type="PackedScene" uid="uid://cb26liwye265d" path="res://resource/Floor1/art_f_1_stove_model.tscn" id="11_tx62q"]
[ext_resource type="PackedScene" uid="uid://ccyhul1vlph7i" path="res://resource/Common/Final/art_global_ceiling_beams_model_vertical.tscn" id="12_ua5wc"]
[ext_resource type="PackedScene" uid="uid://bxqvvwf055oqw" path="res://resource/Floor1/Final/art_f_1_ceiling_model.tscn" id="13_oo3qt"]
[ext_resource type="PackedScene" uid="uid://b7gtje8ahgfo4" path="res://resource/Floor1/Final/art_f_1_front_door_final.tscn" id="14_mktx4"]
[ext_resource type="PackedScene" uid="uid://b50rriv01cb4n" path="res://resource/BlockoutAssets/QuantumTheoryFantasyInteriors/Props/Furniture_TableCShort.fbx" id="15_bgo40"]
[ext_resource type="PackedScene" uid="uid://brnr264mnqmpn" path="res://resource/Floor1/Final/art_f_1_countertop_final.tscn" id="17_jaypt"]
[ext_resource type="PackedScene" uid="uid://vmisecexhjaj" path="res://resource/Floor1/ART_F1_MagicBillyBass_PLAQUE_MODEL.glb" id="17_v2nrj"]
[ext_resource type="PackedScene" uid="uid://c5nr6xtvu5ae4" path="res://resource/Floor1/Final/art_f_1_chair_model.tscn" id="18_3u1qr"]
[ext_resource type="PackedScene" uid="uid://dgm67qihel1xl" path="res://resource/Common/Final/art_global_stairs_model.tscn" id="18_4f5xm"]
[ext_resource type="PackedScene" uid="uid://52kdta4h0cy5" path="res://resource/Floor1/Final/art_f_1_sofa_final.tscn" id="19_oucq8"]
[ext_resource type="PackedScene" uid="uid://yjaswhe4qhhe" path="res://resource/Common/Final/art_global_grain_sack.tscn" id="19_tx62q"]
[ext_resource type="PackedScene" uid="uid://d2ymdw2e7yyqf" path="res://resource/Common/Final/art_global_lantern_hanging.tscn" id="20_ua5wc"]
[ext_resource type="PackedScene" uid="uid://iw6xo6vwf2gy" path="res://resource/Floor1/Final/art_f_1_stool_model.tscn" id="21_jaypt"]
[ext_resource type="PackedScene" uid="uid://d08pnfbgk88f3" path="res://resource/Common/Final/art_global_candle_02.tscn" id="21_mktx4"]
[ext_resource type="PackedScene" uid="uid://chaijfyoxu51g" path="res://resource/Common/Final/art_global_lantern_post.tscn" id="21_oo3qt"]
[ext_resource type="Script" uid="uid://cnq5ldfjntqtv" path="res://Scenes/distance_dialogue_trigger.gd" id="22_distrig"]
[ext_resource type="Script" uid="uid://ck10nobi13ivy" path="res://Scenes/portal.gd" id="26_70lor"]
[ext_resource type="PackedScene" uid="uid://bhla2vwb2828i" path="res://resource/Common/Final/art_global_wooden_log.tscn" id="27_bgo40"]
[ext_resource type="PackedScene" uid="uid://cufxmq25fs0sc" path="res://resource/Floor1/Final/art_f_1_chandelier.tscn" id="27_oo3qt"]
[ext_resource type="Environment" uid="uid://dd2h2vwpawbis" path="res://resource/Common/world_environment_floor1.tres" id="29_mktx4"]
[ext_resource type="PackedScene" uid="uid://bnrglyg68vnt1" path="res://resource/Common/Final/art_global_coffee_table.tscn" id="31_23slo"]
[ext_resource type="PackedScene" uid="uid://bgdqnoja5augn" path="res://resource/Common/Final/art_global_table_round_small.tscn" id="32_mktx4"]

[sub_resource type="BoxShape3D" id="BoxShape3D_edy72"]
size = Vector3(0.7519531, 0.6879883, 0.4906006)

[node name="Floor1" type="Node3D"]

[node name="Props_Environment" type="Node3D" parent="."]

[node name="F1WallDoor" type="MeshInstance3D" parent="Props_Environment"]
material_override = ExtResource("1_6hkfx")
mesh = ExtResource("2_hui2q")
skeleton = NodePath("../../..")

[node name="F1WallClear" type="MeshInstance3D" parent="Props_Environment"]
transform = Transform3D(0.8660254, 0, 0.5, 0, 1, 0, -0.5, 0, 0.8660254, 0, 0, 0)
material_override = ExtResource("1_6hkfx")
mesh = ExtResource("3_y8vtf")
skeleton = NodePath("../..")

[node name="F1WallClear2" type="MeshInstance3D" parent="Props_Environment"]
transform = Transform3D(0.5, 0, 0.8660254, 0, 1, 0, -0.8660254, 0, 0.5, 0, 0, 0)
material_override = ExtResource("1_6hkfx")
mesh = ExtResource("3_y8vtf")
skeleton = NodePath("../..")

[node name="F1WallClear3" type="MeshInstance3D" parent="Props_Environment"]
transform = Transform3D(-0.5, 0, 0.8660254, 0, 1, 0, -0.8660254, 0, -0.5, 0, 0, 0)
material_override = ExtResource("1_6hkfx")
mesh = ExtResource("3_y8vtf")
skeleton = NodePath("../..")

[node name="F1WallClear4" type="MeshInstance3D" parent="Props_Environment"]
transform = Transform3D(-0.8660254, 0, 0.5, 0, 1, 0, -0.5, 0, -0.8660254, 0, 0, 0)
material_override = ExtResource("1_6hkfx")
mesh = ExtResource("3_y8vtf")
skeleton = NodePath("../..")

[node name="F1WallClear5" type="MeshInstance3D" parent="Props_Environment"]
transform = Transform3D(-1, 0, 0, 0, 1, 0, 0, 0, -1, 0, 0, 0)
material_override = ExtResource("1_6hkfx")
mesh = ExtResource("3_y8vtf")
skeleton = NodePath("../..")

[node name="F1WallClear6" type="MeshInstance3D" parent="Props_Environment"]
transform = Transform3D(-0.8660254, 0, -0.5, 0, 1, 0, 0.5, 0, -0.8660254, 0, 0, 0)
material_override = ExtResource("1_6hkfx")
mesh = ExtResource("3_y8vtf")
skeleton = NodePath("../..")

[node name="F1WallClear7" type="MeshInstance3D" parent="Props_Environment"]
transform = Transform3D(-0.5, 0, -0.8660254, 0, 1, 0, 0.8660254, 0, -0.5, 0, 0, 0)
material_override = ExtResource("1_6hkfx")
mesh = ExtResource("3_y8vtf")
skeleton = NodePath("../..")

[node name="F1WallClear8" type="MeshInstance3D" parent="Props_Environment"]
transform = Transform3D(0, 0, -1, 0, 1, 0, 1, 0, 0, 0, 0, 0)
material_override = ExtResource("1_6hkfx")
mesh = ExtResource("3_y8vtf")
skeleton = NodePath("../..")

[node name="F1WallClear9" type="MeshInstance3D" parent="Props_Environment"]
transform = Transform3D(0.86602545, 0, -0.49999997, 0, 1, 0, 0.49999997, 0, 0.86602545, 0, 0, 0)
material_override = ExtResource("1_6hkfx")
mesh = ExtResource("3_y8vtf")
skeleton = NodePath("../..")

[node name="F1WallWindowRight" type="MeshInstance3D" parent="Props_Environment"]
transform = Transform3D(-4.371139e-08, 0, 1, 0, 1, 0, -1, 0, -4.371139e-08, 0, 0, 0)
material_override = ExtResource("1_6hkfx")
mesh = ExtResource("4_jaypt")

[node name="F1WallWindowCenter" type="MeshInstance3D" parent="Props_Environment"]
transform = Transform3D(0.49999997, 0, -0.86602545, 0, 1, 0, 0.86602545, 0, 0.49999997, 0, 0, 0)
material_override = ExtResource("1_6hkfx")
mesh = ExtResource("5_h01gg")

[node name="ART_F1_StoneBrickFloor_Final" parent="Props_Environment" instance=ExtResource("6_4f5xm")]
transform = Transform3D(1, 0, 0, 0, 1, 0, 0, 0, 1, 0, 0, -0.33670378)

[node name="ART_GLOBAL_WindowFrame_Model" parent="Props_Environment" instance=ExtResource("7_po5pa")]
transform = Transform3D(-4.371139e-08, 0, 1, 0, 1, 0, -1, 0, -4.371139e-08, 0, 0, -0.5)

[node name="ART_GLOBAL_WindowFrame_Model2" parent="Props_Environment" instance=ExtResource("7_po5pa")]
transform = Transform3D(0.50000006, 0, -0.8660253, 0, 1, 0, 0.8660253, 0, 0.50000006, 0, 0, 0)

[node name="ART_F1_StoneBrickFloor_Final_Tile" parent="Props_Environment" instance=ExtResource("8_70lor")]

[node name="ART_F1_GrandfatherClock_Final" parent="Props_Environment" instance=ExtResource("9_edy72")]
transform = Transform3D(1.0392305, 0, -0.6, 0, 1.2, 0, 0.6, 0, 1.0392305, 2.6412632, 4.7683716e-07, -4.9400935)

[node name="ART_F1_StairSupport_Final" parent="Props_Environment" instance=ExtResource("10_kso46")]

[node name="ART_F1_Stove_Model" parent="Props_Environment" instance=ExtResource("11_tx62q")]

[node name="ART_GLOBAL_CeilingBeams_Model_Vertical" parent="Props_Environment" instance=ExtResource("12_ua5wc")]

[node name="ART_F1_Ceiling_Model" parent="Props_Environment" instance=ExtResource("13_oo3qt")]
transform = Transform3D(1, 0, 0, 0, 1, 0, 0, 0, 1, 0, -2, 0)

[node name="ART_F1_FrontDoor_Final" parent="Props_Environment" instance=ExtResource("14_mktx4")]
transform = Transform3D(0.9, 0, 0, 0, 0.9, 0, 0, 0, 1, 0, 0, -0.48971534)

[node name="Furniture_TableCShort" parent="Props_Environment" instance=ExtResource("15_bgo40")]
transform = Transform3D(0.7801655, 0, 0.0009656017, 0, 1, 0, -0.0008850518, 0, 0.8511696, -5.2234178, 0.036036134, -0.53254336)

[node name="ART_F1_Countertop_Final" parent="Props_Environment" instance=ExtResource("17_jaypt")]

[node name="ART_GLOBAL_Stairs_Model" parent="Props_Environment" instance=ExtResource("18_4f5xm")]
transform = Transform3D(0.96592575, 0, 0.25881904, 0, 1, 0, -0.25881904, 0, 0.96592575, 0, 0, 0)

[node name="ART_GLOBAL_Grain_Sack" parent="Props_Environment" instance=ExtResource("19_tx62q")]
transform = Transform3D(0.18484333, 0, 0.982768, 0, 1, 0, -0.982768, 0, 0.18484333, -1.135973, 0.2120099, 3.8187566)

[node name="ART_GLOBAL_Grain_Sack2" parent="Props_Environment" instance=ExtResource("19_tx62q")]
transform = Transform3D(-0.14200704, 0, 0.98986566, 0, 1, 0, -0.98986566, 0, -0.14200704, -1.0502048, 0.08890009, 3.4679184)

[node name="ART_GLOBAL_Grain_Sack3" parent="Props_Environment" instance=ExtResource("19_tx62q")]
transform = Transform3D(0.8045623, 0, 0.5938683, 0, 1, 0, -0.5938683, 0, 0.8045623, -1.4842197, 0.08890009, 3.724332)

[node name="ART_GLOBAL_Grain_Sack4" parent="Props_Environment" instance=ExtResource("19_tx62q")]
transform = Transform3D(0.5251746, 0, 0.85099447, 0, 1, 0, -0.85099447, 0, 0.5251746, -1.3727739, 0.08890021, 3.5082247)

[node name="Lighting" type="Node3D" parent="."]

[node name="OmniLight3D" type="OmniLight3D" parent="Lighting"]
transform = Transform3D(1, 0, 0, 0, 1, 0, 0, 0, 1, 0.5017395, 1.2272917, 1.0496444)
visible = false
light_color = Color(1, 0.71500003, 0.55, 1)
light_energy = 1.5
shadow_enabled = true
shadow_bias = 0.03
shadow_normal_bias = 1.5
shadow_opacity = 0.95
shadow_blur = 1.5
omni_range = 7.0

[node name="OmniLight3D2" type="OmniLight3D" parent="Lighting"]
transform = Transform3D(1, 0, 0, 0, 1, 0, 0, 0, 1, -1.5967636, 3.3943653, 1.0496444)
light_color = Color(1, 0.745, 0.55, 1)
light_energy = 0.2
light_indirect_energy = 2.0
shadow_bias = 0.03
shadow_normal_bias = 1.5
shadow_opacity = 0.9
shadow_blur = 2.0
omni_range = 3.0
omni_attenuation = 1.2

[node name="SpotLight3D" type="SpotLight3D" parent="Lighting"]
transform = Transform3D(-4.371139e-08, 0, -1, 0, 1, 0, 1, 0, -4.371139e-08, -6.2680244, 1.7430544, -0.4836231)
light_color = Color(0.55, 0.8499999, 1, 1)
light_energy = 1.2
light_indirect_energy = 2.0
shadow_enabled = true
shadow_bias = 0.02
shadow_normal_bias = 2.0
shadow_opacity = 0.9
shadow_blur = 2.5
spot_range = 8.0
spot_attenuation = 0.5
spot_angle = 80.0

[node name="SpotLight3D2" type="SpotLight3D" parent="Lighting"]
transform = Transform3D(-0.5000001, 0, 0.8660254, 0, 1, 0, -0.8660254, 0, -0.5000001, 5.434574, 1.7430544, -3.139147)
light_color = Color(0.55, 0.8499999, 1, 1)
light_energy = 1.2
light_indirect_energy = 2.0
shadow_enabled = true
shadow_bias = 0.02
shadow_normal_bias = 2.0
shadow_opacity = 0.9
shadow_blur = 2.5
spot_range = 8.0
spot_attenuation = 0.5
spot_angle = 80.0

[node name="DEV_OmniLight3D" type="OmniLight3D" parent="Lighting"]
transform = Transform3D(1, 0, 0, 0, 1, 0, 0, 0, 1, 0, 6, 0)
visible = false
light_energy = 1.5
omni_range = 48.102

[node name="DEV_DirectionalLight3D" type="DirectionalLight3D" parent="Lighting"]
visible = false

[node name="OmniLight3D4" type="OmniLight3D" parent="Lighting"]
transform = Transform3D(1, 0, 0, 0, 1, 0, 0, 0, 1, -4.4934, 2.4940372, -2.6142058)
light_color = Color(1, 0.8, 0.6, 1)
light_energy = 0.8
light_indirect_energy = 2.0
shadow_enabled = true
shadow_bias = 0.05
shadow_opacity = 0.95
shadow_blur = 2.0
shadow_caster_mask = 4294967293
omni_range = 8.0
omni_attenuation = 1.2

[node name="ART_GLOBAL_Lantern_Hanging2" parent="Lighting/OmniLight3D4" instance=ExtResource("20_ua5wc")]
transform = Transform3D(1, 0, 0, 0, 1, 0, 0, 0, 1, 0, 0.5, 0)

[node name="OmniLight3D5" type="OmniLight3D" parent="Lighting"]
transform = Transform3D(-1, 0, 8.742278e-08, 0, 1, 0, -8.742278e-08, 0, -1, 4.5433617, 4.0021186, 2.548841)
light_color = Color(1, 0.8, 0.6, 1)
light_energy = 0.8
light_indirect_energy = 2.0
shadow_enabled = true
shadow_bias = 0.05
shadow_opacity = 0.95
shadow_blur = 2.0
shadow_caster_mask = 4294967293
omni_range = 8.0
omni_attenuation = 1.5

[node name="ART_GLOBAL_Lantern_Hanging2" parent="Lighting/OmniLight3D5" instance=ExtResource("20_ua5wc")]
transform = Transform3D(1, 0, 0, 0, 1, 0, 0, 0, 1, 0, 0.5, 0)

[node name="OmniLight3D6" type="OmniLight3D" parent="Lighting"]
transform = Transform3D(1, 0, 0, 0, 1, 0, 0, 0, 1, -1.5383201, 1.6958406, 4.6051903)
light_color = Color(1, 0.6, 0.19999999, 1)
light_energy = 0.41
shadow_enabled = true
shadow_bias = 0.05
shadow_blur = 2.5
omni_range = 4.0
omni_attenuation = 1.2

[node name="ART_GLOBAL_Candle_022" parent="Lighting/OmniLight3D6" instance=ExtResource("21_mktx4")]
transform = Transform3D(-0.45248148, 0, -0.8917738, 0, 1, 0, 0.8917738, 0, -0.45248148, 0.02174151, -0.36599994, -0.06492376)

[node name="OmniLight3D7" type="OmniLight3D" parent="Lighting"]
transform = Transform3D(-0.8567716, 0, -0.51569617, 0, 1, 0, 0.51569617, 0, -0.8567716, -5.25249, 1.6958407, 1.3658451)
light_color = Color(1, 0.6, 0.19999999, 1)
light_energy = 0.41
shadow_bias = 0.05
shadow_blur = 2.5
omni_range = 4.0
omni_attenuation = 1.2

[node name="ART_GLOBAL_Candle_022" parent="Lighting/OmniLight3D7" instance=ExtResource("21_mktx4")]
transform = Transform3D(-0.45248148, 0, -0.8917738, 0, 1, 0, 0.8917738, 0, -0.45248148, 0.022, -0.366, -0.065)

[node name="OmniLight3D8" type="OmniLight3D" parent="Lighting"]
transform = Transform3D(-0.8567716, 0, -0.51569617, 0, 1, 0, 0.51569617, 0, -0.8567716, 0.8324697, 4.6169534, 0)
light_color = Color(1, 0.6, 0.19999999, 1)
light_energy = 0.41
shadow_bias = 0.05
shadow_blur = 2.5
omni_range = 4.0
omni_attenuation = 1.2

[node name="OmniLight3D9" type="OmniLight3D" parent="Lighting"]
transform = Transform3D(-0.8567716, 0, -0.51569617, 0, 1, 0, 0.51569617, 0, -0.8567716, -0.7393353, 4.6169534, 0)
light_color = Color(1, 0.6, 0.19999999, 1)
light_energy = 0.41
shadow_bias = 0.05
shadow_blur = 2.5
omni_range = 4.0
omni_attenuation = 1.2

[node name="Props" type="Node3D" parent="."]

[node name="ART_GLOBAL_Lantern_Post2" parent="Props" instance=ExtResource("21_oo3qt")]
transform = Transform3D(0.49999997, 0, 0.86602545, 0, 1, 0, -0.86602545, 0, 0.49999997, -5.0071983, 3.047162, -2.9066112)

[node name="ART_GLOBAL_Lantern_Post3" parent="Props" instance=ExtResource("21_oo3qt")]
transform = Transform3D(-0.50000006, 0, -0.8660254, 0, 1, 0, 0.8660254, 0, -0.50000006, 5.05716, 4.5552435, 2.8412466)

[node name="ART_F1_MagicBillyBass_PLAQUE_MODEL" parent="Props" instance=ExtResource("17_v2nrj")]
transform = Transform3D(-0.72923136, 0, -0.6842671, 0, 1, 0, 0.6842671, 0, -0.72923136, 2.4519143, 2.7799299, 2.1822412)

[node name="ART_F1_Chair_Model" parent="Props" instance=ExtResource("18_3u1qr")]
transform = Transform3D(0.5775015, 0, 0.8163897, 0, 1, 0, -0.8163897, 0, 0.5775015, -0.8713951, 0.038916524, -0.14125091)

[node name="ART_F1_Sofa_Final" parent="Props" instance=ExtResource("19_oucq8")]
transform = Transform3D(0.8660254, 0, 0.5, 0, 1, 0, -0.5, 0, 0.8660254, -3.0129726, 0.008825541, -4.765876)

[node name="ART_F1_Stool_Model" parent="Props" instance=ExtResource("21_jaypt")]
transform = Transform3D(1, 0, 0, 0, 1, 0, 0, 0, 1, -5.021532, 0.07072237, -1.4916215)

[node name="ART_GLOBAL_Wooden_Log2" parent="Props" instance=ExtResource("27_bgo40")]
transform = Transform3D(0.5049796, 0, 0.8631313, 0, 1, 0, -0.8631313, 0, 0.5049796, 1.1589738, 0.15739691, 1.4286844)

[node name="ART_GLOBAL_Wooden_Log6" parent="Props" instance=ExtResource("27_bgo40")]
transform = Transform3D(-0.6448719, 0.03729162, -0.7633804, 0.7639307, 0.00079015945, -0.6452979, -0.023461048, -0.9993042, -0.028997678, 1.3335922, 0.15739691, 1.9487576)

[node name="ART_GLOBAL_Wooden_Log3" parent="Props" instance=ExtResource("27_bgo40")]
transform = Transform3D(0.9119882, -0.16695803, 0.3747032, 0.15443136, 0.985964, 0.0634503, -0.3800374, 0, 0.9249711, 0.43265086, 0.09055972, 1.7019444)

[node name="ART_GLOBAL_Wooden_Log4" parent="Props" instance=ExtResource("27_bgo40")]
transform = Transform3D(0.14048895, -0.085482165, 0.98638517, -0.6052906, 0.7809868, 0.15389225, -0.78350884, -0.6186698, 0.057978455, 0.83436954, 0.0905596, 1.271493)

[node name="ART_GLOBAL_Wooden_Log5" parent="Props" instance=ExtResource("27_bgo40")]
transform = Transform3D(-0.58754313, 0.07369143, -0.80583054, -0.63336134, 0.5779239, 0.514643, 0.5036335, 0.8127568, -0.29288173, 0.40363654, 0.19454849, 1.8736479)

[node name="ART_F1_Chandelier" parent="Props" instance=ExtResource("27_oo3qt")]
transform = Transform3D(1, 0, 0, 0, 1, 0, 0, 0, 1, 0, 3.7, 0)

[node name="Collision" type="Node3D" parent="."]

[node name="JournalDialogueTrigger" type="Node3D" parent="."]
transform = Transform3D(1, 0, 0, 0, 1, 0, 0, 0, 1, -0.65, 0.66, -0.09)
script = ExtResource("22_distrig")
trigger_id = "F1SeeInteractableFirst"
dialogue_id = "F1SeeInteractableFirst"

[node name="portal" type="Area3D" parent="."]
transform = Transform3D(3, 0, 0, 0, 3, 0, 0, 0, 3, 4.7727003, 1.0503978, -0.8574468)
script = ExtResource("26_70lor")

[node name="CollisionShape3D" type="CollisionShape3D" parent="portal"]
transform = Transform3D(1, 0, 0, 0, 1, 0, 0, 0, 1, 0.107910156, 0, -0.06378174)
shape = SubResource("BoxShape3D_edy72")

[node name="WorldEnvironment" type="WorldEnvironment" parent="."]
environment = ExtResource("29_mktx4")

[node name="ART_GLOBAL_Coffee_Table" parent="." instance=ExtResource("31_23slo")]
transform = Transform3D(-0.990548, 0, -0.3483023, 0, 1.05, 0, 0.3483023, 0, -0.990548, -2.0698276, 0, -2.7716053)

[node name="ART_GLOBAL_Table_RoundSmall22" parent="." instance=ExtResource("32_mktx4")]
transform = Transform3D(0.9556492, 0, 0.29450738, 0, 1, 0, -0.29450738, 0, 0.9556492, 2.9620588, 0.053329945, 0.57102966)

[connection signal="body_entered" from="portal" to="portal" method="_on_body_entered"]
