[gd_scene load_steps=57 format=4 uid="uid://ineivc0o1klp"]

[ext_resource type="PackedScene" uid="uid://5xvjpxhh00wh" path="res://resource/Floor2/Final/art_f_2_ceiling_final.tscn" id="2_kueqo"]
[ext_resource type="Material" uid="uid://dyydde4c8mdnp" path="res://resource/Common/MAT_walls_01_triplanar.material" id="3_sw4yf"]
[ext_resource type="ArrayMesh" uid="uid://buob6naa08ux8" path="res://resource/Floor1/f1_wall_clear.res" id="4_pjtd8"]
[ext_resource type="PackedScene" uid="uid://pqlat0kyxu3g" path="res://resource/Common/art_global_window_frame_model.tscn" id="5_r7m1t"]
[ext_resource type="PackedScene" uid="uid://c6kwb6xstp4rx" path="res://resource/Floor2/Final/art_f_2_wooden_floor_model.tscn" id="6_r7m1t"]
[ext_resource type="ArrayMesh" uid="uid://b3a36yw77dkv5" path="res://resource/Floor1/f1_wall_window_center.res" id="6_wflyn"]
[ext_resource type="PackedScene" uid="uid://dgm67qihel1xl" path="res://resource/Common/Final/art_global_stairs_model.tscn" id="7_wflyn"]
[ext_resource type="PackedScene" uid="uid://7gcbfqqhujhs" path="res://resource/Floor2/Final/art_f_2_stairs_from_f_1_final.tscn" id="8_tbya0"]
[ext_resource type="PackedScene" uid="uid://cxo2d2xo2ybdk" path="res://resource/Floor2/Final/art_f_2_railing_final.tscn" id="9_g5a4x"]
[ext_resource type="PackedScene" uid="uid://cwgfmfujlky11" path="res://resource/Floor2/Final/art_f_2_shelves.tscn" id="10_tbya0"]
[ext_resource type="PackedScene" uid="uid://dh0a5wsmsy843" path="res://resource/Floor2/Final/art_f_2_window_seat.tscn" id="11_dkp6n"]
[ext_resource type="PackedScene" uid="uid://b2n25ng57mlov" path="res://resource/Floor2/Final/art_f_2_stair_support_final.tscn" id="12_g5a4x"]
[ext_resource type="PackedScene" uid="uid://b0ntohtgwlqul" path="res://resource/Floor2/Final/art_f_2_tree_final.tscn" id="12_sdnxg"]
[ext_resource type="PackedScene" uid="uid://cgoaw6ud14syw" path="res://resource/Floor2/Final/art_f_2_table.tscn" id="14_77bln"]
[ext_resource type="PackedScene" uid="uid://6w863udk384w" path="res://resource/Common/Final/art_global_books_row_01.tscn" id="14_kse62"]
[ext_resource type="PackedScene" uid="uid://du1uuysoh0l12" path="res://resource/Common/Final/art_global_books_row_02.tscn" id="15_hpho7"]
[ext_resource type="PackedScene" uid="uid://6txw7olmdcck" path="res://resource/Floor1/Final/art_f_1_chair_model_alt.tscn" id="15_soiox"]
[ext_resource type="PackedScene" uid="uid://qjbe7cx45l3y" path="res://resource/Common/Final/art_global_rugs_oval_model.tscn" id="16_vpckg"]
[ext_resource type="PackedScene" uid="uid://jldjag0a162o" path="res://resource/Common/Final/art_global_books_fallen.tscn" id="16_x557t"]
[ext_resource type="PackedScene" uid="uid://drnwx4srtx85j" path="res://resource/Floor1/Final/art_f_1_window_cill.tscn" id="17_4aq2v"]
[ext_resource type="PackedScene" uid="uid://d2ymdw2e7yyqf" path="res://resource/Common/Final/art_global_lantern_hanging.tscn" id="18_0a5dq"]
[ext_resource type="PackedScene" uid="uid://ckoaj2gtk077j" path="res://resource/Common/Final/art_global_fruit_bowl.tscn" id="19_4aq2v"]
[ext_resource type="PackedScene" uid="uid://chaijfyoxu51g" path="res://resource/Common/Final/art_global_lantern_post.tscn" id="19_7tkd2"]
[ext_resource type="PackedScene" uid="uid://n2dgmq6063yd" path="res://resource/Common/Final/art_global_bottles_05.tscn" id="20_anaxv"]
[ext_resource type="Script" uid="uid://bjgev1t52r3ev" path="res://Scenes/candle_flicker.gd" id="20_b6w4d"]
[ext_resource type="PackedScene" uid="uid://d08pnfbgk88f3" path="res://resource/Common/Final/art_global_candle_02.tscn" id="20_s6l8a"]
[ext_resource type="PackedScene" uid="uid://c1nk74xsu6ab6" path="res://resource/Common/Final/art_global_books_single_01.tscn" id="21_krvfo"]
[ext_resource type="PackedScene" uid="uid://bomg5qgdsr0hd" path="res://resource/Common/Final/art_global_lantern_standing.tscn" id="22_b6w4d"]
[ext_resource type="PackedScene" uid="uid://hvvk7qav2lt2" path="res://resource/Common/Final/art_global_books_stack.tscn" id="22_juhq3"]
[ext_resource type="PackedScene" uid="uid://dxft285cx6i1y" path="res://resource/Common/Final/art_global_bottles_03.tscn" id="24_b6w4d"]
[ext_resource type="Script" uid="uid://ck10nobi13ivy" path="res://Scenes/portal.gd" id="26_portal"]
[ext_resource type="Material" uid="uid://b7frshhg5cqxq" path="res://resource/Puzzles/VFX/EffectBlocks/source_files/materials/portal.material" id="27_b6w4d"]
[ext_resource type="Environment" uid="uid://dd2h2vwpawbis" path="res://resource/Common/world_environment_floor1.tres" id="28_krvfo"]
[ext_resource type="PackedScene" uid="uid://dom4x32yxw2hq" path="res://resource/Common/Final/art_global_debris_papers_01.tscn" id="33_17tle"]
[ext_resource type="PackedScene" path="res://resource/Common/Final/art_global_pillow_aroace.tscn" id="33_juhq3"]
[ext_resource type="PackedScene" path="res://resource/Common/Final/art_global_pillow_kayl.tscn" id="34_etsva"]
[ext_resource type="PackedScene" path="res://resource/Common/Final/art_global_pillow_bi.tscn" id="35_17tle"]
[ext_resource type="PackedScene" uid="uid://hvlx7lgao2c7" path="res://resource/Common/Final/art_global_bottles_01.tscn" id="36_juhq3"]
[ext_resource type="PackedScene" uid="uid://bl2231fa3ath8" path="res://resource/Common/Final/art_global_bottles_02.tscn" id="37_etsva"]
[ext_resource type="PackedScene" uid="uid://yjaswhe4qhhe" path="res://resource/Common/Final/art_global_grain_sack.tscn" id="37_gyy0o"]
[ext_resource type="PackedScene" uid="uid://cquvdqs4ypwku" path="res://resource/Common/Final/art_global_shelves.tscn" id="40_vxoa3"]

[sub_resource type="ConcavePolygonShape3D" id="ConcavePolygonShape3D_sdnxg"]
data = PackedVector3Array(-6.0621777, -3, -3.4999998, -4.8497424, -3, -2.8, -3.4999993, -3, -6.062178, -3.4999993, -3, -6.062178, -4.8497424, -3, -2.8, -2.7999997, -3, -4.849743, -6.0621777, -3, -3.4999998, -5.6000004, -3, -4.895676e-07, -4.8497424, -3, -2.8, -6.0621777, -3, -3.4999998, -7, -3, -6.119594e-07, -5.6000004, -3, -4.895676e-07, -6.0621777, -3, -3.4999998, -3.4999993, -3, -6.062178, -3.4999993, 3, -6.062178, -6.0621777, -3, -3.4999998, -6.0621777, 3, -3.4999998, -7, -3, -6.119594e-07, -3.4999993, -3, -6.062178, -2.7999997, -3, -4.849743, 8.347416e-08, -3, -7, 8.347416e-08, -3, -7, -2.7999997, -3, -4.849743, 6.6779336e-08, -3, -5.6000004, -3.4999993, -3, -6.062178, 8.347416e-08, -3, -7, 8.347416e-08, 3, -7, -7, -3, -6.119594e-07, -4.8497424, -3, 2.8000004, -5.6000004, -3, -4.895676e-07, -7, -3, -6.119594e-07, -6.0621777, -3, 3.5000005, -4.8497424, -3, 2.8000004, -6.0621777, -3, 3.5000005, -2.8000004, -3, 4.8497424, -4.8497424, -3, 2.8000004, -6.0621777, -3, 3.5000005, -3.5000005, -3, 6.0621777, -2.8000004, -3, 4.8497424, -7, -3, -6.119594e-07, -7, 3, -6.119594e-07, -6.0621777, -3, 3.5000005, -6.0621777, -3, 3.5000005, -6.0621777, 3, 3.5000005, -3.5000005, -3, 6.0621777, -3.5000005, -3, 6.0621777, -2.447838e-07, -3, 5.6000004, -2.8000004, -3, 4.8497424, -3.5000005, -3, 6.0621777, -3.059797e-07, -3, 7, -2.447838e-07, -3, 5.6000004, -3.5000005, -3, 6.0621777, -3.5000005, 3, 6.0621777, -3.059797e-07, -3, 7, -6.0621777, -3, -3.4999998, -3.4999993, 3, -6.062178, -6.0621777, 3, -3.4999998, -7, -3, -6.119594e-07, -6.0621777, 3, -3.4999998, -7, 3, -6.119594e-07, -6.0621777, 3, -3.4999998, -2.7999997, 3, -4.849743, -4.8497424, 3, -2.8, -6.0621777, 3, -3.4999998, -3.4999993, 3, -6.062178, -2.7999997, 3, -4.849743, -6.0621777, 3, -3.4999998, -4.8497424, 3, -2.8, -7, 3, -6.119594e-07, -7, 3, -6.119594e-07, -4.8497424, 3, -2.8, -5.6000004, 3, -4.895676e-07, -3.4999993, -3, -6.062178, 8.347416e-08, 3, -7, -3.4999993, 3, -6.062178, -3.4999993, 3, -6.062178, 6.6779336e-08, 3, -5.6000004, -2.7999997, 3, -4.849743, -3.4999993, 3, -6.062178, 8.347416e-08, 3, -7, 6.6779336e-08, 3, -5.6000004, -6.0621777, -3, 3.5000005, -7, 3, -6.119594e-07, -6.0621777, 3, 3.5000005, -3.5000005, -3, 6.0621777, -6.0621777, 3, 3.5000005, -3.5000005, 3, 6.0621777, -7, 3, -6.119594e-07, -5.6000004, 3, -4.895676e-07, -6.0621777, 3, 3.5000005, -6.0621777, 3, 3.5000005, -5.6000004, 3, -4.895676e-07, -4.8497424, 3, 2.8000004, -6.0621777, 3, 3.5000005, -4.8497424, 3, 2.8000004, -3.5000005, 3, 6.0621777, -3.5000005, 3, 6.0621777, -4.8497424, 3, 2.8000004, -2.8000004, 3, 4.8497424, -3.059797e-07, -3, 7, -3.5000005, 3, 6.0621777, -3.059797e-07, 3, 7, -3.5000005, 3, 6.0621777, -2.8000004, 3, 4.8497424, -3.059797e-07, 3, 7, -3.059797e-07, 3, 7, -2.8000004, 3, 4.8497424, -2.447838e-07, 3, 5.6000004, 8.347416e-08, -3, -7, 6.6779336e-08, -3, -5.6000004, 3.4999993, -3, -6.062178, 3.4999993, -3, -6.062178, 6.6779336e-08, -3, -5.6000004, 2.7999997, -3, -4.849743, 8.347416e-08, -3, -7, 3.4999993, -3, -6.062178, 3.4999993, 3, -6.062178, 3.4999993, -3, -6.062178, 2.7999997, -3, -4.849743, 6.062179, -3, -3.4999983, 6.062179, -3, -3.4999983, 2.7999997, -3, -4.849743, 4.8497434, -3, -2.7999988, 6.062179, -3, -3.4999983, 4.8497434, -3, -2.7999988, 7, -3, 0, 7, -3, 0, 4.8497434, -3, -2.7999988, 5.6000004, -3, 0, 3.4999993, -3, -6.062178, 6.062179, -3, -3.4999983, 6.062179, 3, -3.4999983, 6.062179, -3, -3.4999983, 7, -3, 0, 7, 3, 0, -3.059797e-07, -3, 7, 2.8, -3, 4.849743, -2.447838e-07, -3, 5.6000004, -3.059797e-07, -3, 7, 3.4999998, -3, 6.062178, 2.8, -3, 4.849743, -3.059797e-07, -3, 7, -3.059797e-07, 3, 7, 3.4999998, -3, 6.062178, 7, -3, 0, 5.6000004, -3, 0, 6.0621777, -3, 3.5, 6.0621777, -3, 3.5, 5.6000004, -3, 0, 4.8497424, -3, 2.8000002, 3.4999998, -3, 6.062178, 4.8497424, -3, 2.8000002, 2.8, -3, 4.849743, 3.4999998, -3, 6.062178, 6.0621777, -3, 3.5, 4.8497424, -3, 2.8000002, 7, -3, 0, 6.0621777, -3, 3.5, 6.0621777, 3, 3.5, 3.4999998, -3, 6.062178, 3.4999998, 3, 6.062178, 6.0621777, -3, 3.5, 8.347416e-08, -3, -7, 3.4999993, 3, -6.062178, 8.347416e-08, 3, -7, 8.347416e-08, 3, -7, 2.7999997, 3, -4.849743, 6.6779336e-08, 3, -5.6000004, 8.347416e-08, 3, -7, 3.4999993, 3, -6.062178, 2.7999997, 3, -4.849743, 3.4999993, -3, -6.062178, 6.062179, 3, -3.4999983, 3.4999993, 3, -6.062178, 6.062179, -3, -3.4999983, 7, 3, 0, 6.062179, 3, -3.4999983, 3.4999993, 3, -6.062178, 4.8497434, 3, -2.7999988, 2.7999997, 3, -4.849743, 3.4999993, 3, -6.062178, 6.062179, 3, -3.4999983, 4.8497434, 3, -2.7999988, 6.062179, 3, -3.4999983, 5.6000004, 3, 0, 4.8497434, 3, -2.7999988, 6.062179, 3, -3.4999983, 7, 3, 0, 5.6000004, 3, 0, -3.059797e-07, 3, 7, 3.4999998, 3, 6.062178, 3.4999998, -3, 6.062178, -3.059797e-07, 3, 7, -2.447838e-07, 3, 5.6000004, 3.4999998, 3, 6.062178, 3.4999998, 3, 6.062178, -2.447838e-07, 3, 5.6000004, 2.8, 3, 4.849743, 7, -3, 0, 6.0621777, 3, 3.5, 7, 3, 0, 6.0621777, -3, 3.5, 3.4999998, 3, 6.062178, 6.0621777, 3, 3.5, 7, 3, 0, 4.8497424, 3, 2.8000002, 5.6000004, 3, 0, 7, 3, 0, 6.0621777, 3, 3.5, 4.8497424, 3, 2.8000002, 3.4999998, 3, 6.062178, 2.8, 3, 4.849743, 6.0621777, 3, 3.5, 6.0621777, 3, 3.5, 2.8, 3, 4.849743, 4.8497424, 3, 2.8000002, -5.6000004, -3, -4.895676e-07, -4.8497424, 3, -2.8, -4.8497424, -3, -2.8, -4.8497424, -3, -2.8, -2.7999997, 3, -4.849743, -2.7999997, -3, -4.849743, -2.7999997, -3, -4.849743, 6.6779336e-08, 3, -5.6000004, 6.6779336e-08, -3, -5.6000004, -4.8497424, -3, 2.8000004, -5.6000004, 3, -4.895676e-07, -5.6000004, -3, -4.895676e-07, -2.8000004, -3, 4.8497424, -4.8497424, 3, 2.8000004, -4.8497424, -3, 2.8000004, -2.447838e-07, -3, 5.6000004, -2.8000004, 3, 4.8497424, -2.8000004, -3, 4.8497424, -5.6000004, -3, -4.895676e-07, -5.6000004, 3, -4.895676e-07, -4.8497424, 3, -2.8, -2.7999997, 3, -4.849743, -4.8497424, -3, -2.8, -4.8497424, 3, -2.8, 6.6779336e-08, 3, -5.6000004, -2.7999997, -3, -4.849743, -2.7999997, 3, -4.849743, -4.8497424, -3, 2.8000004, -4.8497424, 3, 2.8000004, -5.6000004, 3, -4.895676e-07, -4.8497424, 3, 2.8000004, -2.8000004, -3, 4.8497424, -2.8000004, 3, 4.8497424, -2.447838e-07, -3, 5.6000004, -2.447838e-07, 3, 5.6000004, -2.8000004, 3, 4.8497424, 6.6779336e-08, -3, -5.6000004, 2.7999997, 3, -4.849743, 2.7999997, -3, -4.849743, 2.7999997, -3, -4.849743, 4.8497434, 3, -2.7999988, 4.8497434, -3, -2.7999988, 4.8497434, -3, -2.7999988, 5.6000004, 3, 0, 5.6000004, -3, 0, -2.447838e-07, -3, 5.6000004, 2.8, -3, 4.849743, -2.447838e-07, 3, 5.6000004, 4.8497424, -3, 2.8000002, 2.8, 3, 4.849743, 2.8, -3, 4.849743, 5.6000004, -3, 0, 4.8497424, 3, 2.8000002, 4.8497424, -3, 2.8000002, 6.6779336e-08, -3, -5.6000004, 6.6779336e-08, 3, -5.6000004, 2.7999997, 3, -4.849743, 2.7999997, -3, -4.849743, 2.7999997, 3, -4.849743, 4.8497434, 3, -2.7999988, 5.6000004, 3, 0, 4.8497434, -3, -2.7999988, 4.8497434, 3, -2.7999988, 2.8, -3, 4.849743, 2.8, 3, 4.849743, -2.447838e-07, 3, 5.6000004, 4.8497424, -3, 2.8000002, 4.8497424, 3, 2.8000002, 2.8, 3, 4.849743, 5.6000004, -3, 0, 5.6000004, 3, 0, 4.8497424, 3, 2.8000002)

[sub_resource type="BoxShape3D" id="BoxShape3D_sdnxg"]
size = Vector3(12, 1, 12)

[sub_resource type="BoxShape3D" id="BoxShape3D_s6l8a"]
size = Vector3(1, 0.6369629, 0.3630371)

[sub_resource type="Curve" id="Curve_rem1k"]
_data = [Vector2(0.102612, 1), 0.0, 0.0, 0, 0, Vector2(1, 0), 0.0, 0.0, 0, 0]
point_count = 2

[sub_resource type="CurveTexture" id="CurveTexture_b6w4d"]
curve = SubResource("Curve_rem1k")

[sub_resource type="Curve" id="Curve_2ygi5"]
_limits = [0.0, 5.0, 0.0, 1.0]
_data = [Vector2(0.164179, 5), 0.0, 0.0, 0, 0, Vector2(1, 0), 0.0, 0.0, 0, 0]
point_count = 2

[sub_resource type="CurveTexture" id="CurveTexture_rem1k"]
curve = SubResource("Curve_2ygi5")

[sub_resource type="Curve" id="Curve_6tq5l"]
_data = [Vector2(0, 0), 0.0, 0.0, 0, 0, Vector2(0.141791, 1), 0.0, 0.0, 0, 0, Vector2(1, 0), 0.0, 0.0, 0, 0]
point_count = 3

[sub_resource type="CurveTexture" id="CurveTexture_2ygi5"]
curve = SubResource("Curve_6tq5l")

[sub_resource type="ParticleProcessMaterial" id="ParticleProcessMaterial_8iof0"]
lifetime_randomness = 0.4
particle_flag_align_y = true
angle_max = 180.0
velocity_pivot = Vector3(1, 1, 1)
direction = Vector3(0, 0, 1)
initial_velocity_min = 2.0
initial_velocity_max = 3.0
gravity = Vector3(0, 0, 0)
scale_min = 0.05
scale_max = 0.1
scale_curve = SubResource("CurveTexture_2ygi5")
color = Color(0, 0.380392, 0.92549, 1)
alpha_curve = SubResource("CurveTexture_b6w4d")
emission_curve = SubResource("CurveTexture_rem1k")

[sub_resource type="StandardMaterial3D" id="StandardMaterial3D_0isau"]
transparency = 1
shading_mode = 0
albedo_color = Color(0.5534614, 0.7956199, 0.926091, 1)

[sub_resource type="ArrayMesh" id="ArrayMesh_6tq5l"]
_surfaces = [{
"aabb": AABB(-0.0402224, -0.702579, -0.0464448, 0.0804447, 0.739765, 0.0696672),
"format": 34896613377,
"index_count": 18,
"index_data": PackedByteArray("AgADAAEAAwAEAAEABAACAAEAAAACAAQAAAAEAAMAAAADAAIA"),
"primitive": 3,
"uv_scale": Vector4(0, 0, 0, 0),
"vertex_count": 5,
"vertex_data": PackedByteArray("/38AAKmqAAD/f///qaoAAP9/o+sAAAAA//+j6///AAAAAKPr//8AAA==")
}]
blend_shape_mode = 0

[sub_resource type="ArrayMesh" id="ArrayMesh_kse62"]
resource_name = "cylinder_Cylinder"
_surfaces = [{
"aabb": AABB(-0.0402224, -0.702579, -0.0464448, 0.0804447, 0.739765, 0.0696672),
"attribute_data": PackedByteArray("qar//1TV////////qar/f1TV/3//f/9///+2jv9/to5U1baOqaq2jg=="),
"format": 34896613399,
"index_count": 18,
"index_data": PackedByteArray("BgAIAAQACAAJAAMACQAHAAUAAAAHAAkAAQAJAAgAAgAIAAYA"),
"material": SubResource("StandardMaterial3D_0isau"),
"primitive": 3,
"uv_scale": Vector4(2, 1, 0, 0),
"vertex_count": 10,
"vertex_data": PackedByteArray("/38AAKmqjOL/fwAAqar/v/9/AACpqozi/3///6mq/7//f///qaqM4v9///+pqozi/3+j6wAA5P3/f6PrAADk/f//o+v//3uwAACj6///mKypMVLjAAD/f1NjVU7///9/Vc6sHKucqbEsoPET8ZPS33SpEgFvtADe")
}]
blend_shape_mode = 0
shadow_mesh = SubResource("ArrayMesh_6tq5l")

[sub_resource type="ArrayMesh" id="ArrayMesh_8iof0"]
_surfaces = [{
"aabb": AABB(-1, -1, -4.37114e-08, 2, 2.00001, 1.00874e-05),
"format": 34896613377,
"index_count": 66,
"index_data": PackedByteArray("AAACAAEAAgAEAAMABAAGAAUABgAIAAcACAAKAAkACgAMAAsADAAOAA0ADgAQAA8AEAASABEAEgAUABMAFAAWABUAFgAAABcAAAAEAAIABAAIAAYACAAMAAoADAAQAA4AEAAUABIAFAAAABYAAAAIAAQACAAQAAwAEAAAABQACAAAABAA"),
"primitive": 3,
"uv_scale": Vector4(0, 0, 0, 0),
"vertex_count": 24,
"vertex_data": PackedByteArray("/3/+/zcCAADeXqL7LgIAAP8/2O4RAgAAfSWB2uQBAAAmEf+/qQEAAFwEIKFlAQAAAAD/fxsBAABcBN5e0gAAACYR/z+NAAAAfSV9JVMAAAD/PyURJgAAAN5eXAQJAAAA/38AAAAAAAAgoVwECQAAAP+/JREmAAAAgdp9JVMAAADY7v8/jQAAAKL73l7SAAAA////fxsBAACi+yChZQEAANju/7+pAQAAgdqB2uQBAAD/v9juEQIAACChovsuAgAA")
}]
blend_shape_mode = 0

[sub_resource type="ArrayMesh" id="ArrayMesh_hpho7"]
resource_name = "Untitled_Circle_001"
_surfaces = [{
"aabb": AABB(-1, -1, -4.37114e-08, 2, 2.00001, 1.00874e-05),
"attribute_data": PackedByteArray("mk6/CGsxmBmYGWsxvwiaTgYAJm8GANiQvwhksZgZk85rMWbmmk4/9yZv+P/YkPj/ZLE/95POZuZm5pPOP/dksfj/2JD4/yZvP/eaTmbmazGTzpgZZLG/CNiQBgAmbwYA"),
"format": 34896613399,
"index_count": 66,
"index_data": PackedByteArray("AAACAAEAAgAEAAMABAAGAAUABgAIAAcACAAKAAkACgAMAAsADAAOAA0ADgAQAA8AEAASABEAEgAUABMAFAAWABUAFgAAABcAAAAEAAIABAAIAAYACAAMAAoADAAQAA4AEAAUABIAFAAAABYAAAAIAAQACAAQAAwAEAAAABQACAAAABAA"),
"material": ExtResource("27_b6w4d"),
"primitive": 3,
"uv_scale": Vector4(0, 0, 0, 0),
"vertex_count": 24,
"vertex_data": PackedByteArray("/3/+/zcC/4/eXqL7LgL/j/8/2O4RAv+PfSWB2uQB/48mEf+/qQH/j1wEIKFlAf+PAAD/fxsB/49cBN5e0gD/jyYR/z+NAP+PfSV9JVMA/4//PyURJgD/j95eXAQJAP+P/38AAAAA/48goVwECQD/j/+/JREmAP+Pgdp9JVMA/4/Y7v8/jQD/j6L73l7SAP+P////fxsB/4+i+yChZQH/j9ju/7+pAf+PgdqB2uQB/4//v9juEQL/jyChovsuAv+P/3//f/9//3//f/9//3//f/9//3//f/9//3//f/9//3//f/9//3//f/9//3//f/9//3//f/9//3//f/9//3//f/9//3//f/9//3//f/9//3//f/9//3//f/9//3//f/9/")
}]
blend_shape_mode = 0
shadow_mesh = SubResource("ArrayMesh_8iof0")

[node name="Floor2" type="Node3D"]

[node name="Props_Environment" type="Node3D" parent="."]

[node name="Walls" type="Node3D" parent="Props_Environment"]

[node name="F1WallClear" type="MeshInstance3D" parent="Props_Environment/Walls"]
transform = Transform3D(0.80973375, 0, 0.4675, 0, 1, 0, -0.4675, 0, 0.80973375, 0, 0, 0)
material_override = ExtResource("3_sw4yf")
mesh = ExtResource("4_pjtd8")
skeleton = NodePath("../../..")

[node name="F1WallClear2" type="MeshInstance3D" parent="Props_Environment/Walls"]
transform = Transform3D(0.46749997, 0, 0.8097336, 0, 1, 0, -0.8097336, 0, 0.46749997, 0, 0, 0)
material_override = ExtResource("3_sw4yf")
mesh = ExtResource("4_pjtd8")
skeleton = NodePath("../../..")

[node name="F1WallClear3" type="MeshInstance3D" parent="Props_Environment/Walls"]
transform = Transform3D(2.9802322e-08, 0, 0.9349999, 0, 1, 0, -0.9349999, 0, 2.9802322e-08, 0, 0, 0)
material_override = ExtResource("3_sw4yf")
mesh = ExtResource("4_pjtd8")
skeleton = NodePath("../../..")

[node name="F1WallClear4" type="MeshInstance3D" parent="Props_Environment/Walls"]
transform = Transform3D(-0.8097338, 0, 0.46749997, 0, 1, 0, -0.46749997, 0, -0.8097338, 0, 0, 0)
material_override = ExtResource("3_sw4yf")
mesh = ExtResource("4_pjtd8")
skeleton = NodePath("../../..")

[node name="F1WallClear5" type="MeshInstance3D" parent="Props_Environment/Walls"]
transform = Transform3D(-0.9350001, 0, -7.4505806e-08, 0, 1, 0, 7.4505806e-08, 0, -0.9350001, 0, 0, 0)
material_override = ExtResource("3_sw4yf")
mesh = ExtResource("4_pjtd8")
skeleton = NodePath("../../..")

[node name="F1WallClear6" type="MeshInstance3D" parent="Props_Environment/Walls"]
transform = Transform3D(-0.8097338, 0, -0.46750012, 0, 1, 0, 0.46750012, 0, -0.8097338, 0, 0, 0)
material_override = ExtResource("3_sw4yf")
mesh = ExtResource("4_pjtd8")
skeleton = NodePath("../../..")

[node name="F1WallClear7" type="MeshInstance3D" parent="Props_Environment/Walls"]
transform = Transform3D(-0.46749997, 0, -0.8097338, 0, 1, 0, 0.8097338, 0, -0.46749997, 0, 0, 0)
material_override = ExtResource("3_sw4yf")
mesh = ExtResource("4_pjtd8")
skeleton = NodePath("../../..")

[node name="F1WallClear8" type="MeshInstance3D" parent="Props_Environment/Walls"]
transform = Transform3D(5.9604645e-08, 0, -0.9350002, 0, 1, 0, 0.9350002, 0, 5.9604645e-08, 0, 0, 0)
material_override = ExtResource("3_sw4yf")
mesh = ExtResource("4_pjtd8")
skeleton = NodePath("../../..")

[node name="F1WallClear9" type="MeshInstance3D" parent="Props_Environment/Walls"]
transform = Transform3D(0.46750015, 0, -0.80973387, 0, 1, 0, 0.80973387, 0, 0.46750015, 0, 0, 0)
material_override = ExtResource("3_sw4yf")
mesh = ExtResource("4_pjtd8")
skeleton = NodePath("../../..")

[node name="F1WallClear10" type="MeshInstance3D" parent="Props_Environment/Walls"]
transform = Transform3D(0.8097339, 0, -0.4675, 0, 1, 0, 0.4675, 0, 0.8097339, 0, 0, 0)
material_override = ExtResource("3_sw4yf")
mesh = ExtResource("4_pjtd8")
skeleton = NodePath("../../..")

[node name="F1WallClear11" type="MeshInstance3D" parent="Props_Environment/Walls"]
transform = Transform3D(0.9350003, 0, 8.940697e-08, 0, 1, 0, -8.940697e-08, 0, 0.9350003, 0, 0, 0)
material_override = ExtResource("3_sw4yf")
mesh = ExtResource("4_pjtd8")
skeleton = NodePath("../../..")

[node name="F1WallClear12" type="MeshInstance3D" parent="Props_Environment/Walls"]
transform = Transform3D(0.935, 0, 0, 0, -1, 0, 0, 0, 0.935, 0, 0, 0)
material_override = ExtResource("3_sw4yf")
mesh = ExtResource("4_pjtd8")
skeleton = NodePath("../../..")

[node name="F1WallClear15" type="MeshInstance3D" parent="Props_Environment/Walls"]
transform = Transform3D(0.80973375, 0, 0.4675, 0, -1, 0, -0.4675, 0, 0.80973375, 0, 0, 0)
material_override = ExtResource("3_sw4yf")
mesh = ExtResource("4_pjtd8")
skeleton = NodePath("../../..")

[node name="F1WallClear13" type="MeshInstance3D" parent="Props_Environment/Walls"]
transform = Transform3D(0.80973375, 0, -0.4675, 0, -1, 0, 0.4675, 0, 0.80973375, 0, 0, 0)
material_override = ExtResource("3_sw4yf")
mesh = ExtResource("4_pjtd8")
skeleton = NodePath("../../..")

[node name="F1WallClear14" type="MeshInstance3D" parent="Props_Environment/Walls"]
transform = Transform3D(0.46749997, 0, -0.8097336, 0, -1, 0, 0.8097336, 0, 0.46749997, 0, 0, 0)
material_override = ExtResource("3_sw4yf")
mesh = ExtResource("4_pjtd8")
skeleton = NodePath("../../..")

[node name="F1WallWindowCenter" type="MeshInstance3D" parent="Props_Environment/Walls"]
transform = Transform3D(-0.46749985, 0, 0.80973387, 0, 1, 0, -0.80973387, 0, -0.46749985, 0, 0, 0)
material_override = ExtResource("3_sw4yf")
mesh = ExtResource("6_wflyn")
skeleton = NodePath("../F1WallClear")

[node name="ART_F2_Ceiling_Final" parent="Props_Environment" instance=ExtResource("2_kueqo")]
transform = Transform3D(1, 0, 0, 0, 1, 0, 0, 0, 1, 0, -2, 0)

[node name="ART_GLOBAL_WindowFrame_Model" parent="Props_Environment" instance=ExtResource("5_r7m1t")]
transform = Transform3D(-0.46750006, 0, 0.8010735, 0, 1, 0, -0.80973375, 0, -0.46250007, 0, 0, 0)

[node name="ART_F2_WoodenFloor_Model" parent="Props_Environment" instance=ExtResource("6_r7m1t")]

[node name="ART_GLOBAL_Stairs_Model" parent="Props_Environment" instance=ExtResource("7_wflyn")]
transform = Transform3D(0.935, 0, 0, 0, 1, 0, 0, 0, 0.935, 0, 0, 0)

[node name="ART_F2_StairsFromF1_Final" parent="Props_Environment" instance=ExtResource("8_tbya0")]

[node name="ART_F2_Railing_Final" parent="Props_Environment" instance=ExtResource("9_g5a4x")]

[node name="ART_F2_Shelves" parent="Props_Environment" instance=ExtResource("10_tbya0")]

[node name="ART_F2_Window_Seat" parent="Props_Environment" instance=ExtResource("11_dkp6n")]

[node name="ART_F2_Tree_Final" parent="Props_Environment" instance=ExtResource("12_sdnxg")]

[node name="ART_F2_StairSupport_Final" parent="Props_Environment" instance=ExtResource("12_g5a4x")]

[node name="ART_Global_Shelves" parent="Props_Environment" instance=ExtResource("40_vxoa3")]
transform = Transform3D(-0.99669576, 0, -0.081225224, 0, 1, 0, 0.081225224, 0, -0.99669576, 0.33219737, 3.0224137, 3.2765532)

[node name="Props" type="Node3D" parent="."]

[node name="ART_GLOBAL_Books_Stack3" parent="Props" instance=ExtResource("22_juhq3")]
transform = Transform3D(-0.9764807, 0, 0.21560463, 0, 1, 0, -0.21560463, 0, -0.9764807, -4.197436, 3.5505147, -2.6522288)

[node name="ART_GLOBAL_Books_Fallen2" parent="Props" instance=ExtResource("16_x557t")]
transform = Transform3D(0.9997887, 0, -0.020558536, 0, 1, 0, 0.020558536, 0, 0.9997887, -3.7475057, 3.613953, -3.5259342)

[node name="ART_GLOBAL_Books_Stack4" parent="Props" instance=ExtResource("22_juhq3")]
transform = Transform3D(0.93256974, 0, 0.36098987, 0, 1, 0, -0.36098987, 0, 0.93256974, -3.5081465, 3.613953, -3.9827635)

[node name="ART_GLOBAL_Books_Stack5" parent="Props" instance=ExtResource("22_juhq3")]
transform = Transform3D(-0.33069563, 0, -0.94373745, 0, 1, 0, 0.94373745, 0, -0.33069563, -3.0723817, 3.5410306, -3.8134322)

[node name="ART_GLOBAL_Books_Row_04" parent="Props" instance=ExtResource("14_kse62")]
transform = Transform3D(-4.371139e-08, -1, 0, 1, -4.371139e-08, 0, 0, 0, 1, -4.0577197, 3.9707024, -3.054551)

[node name="ART_GLOBAL_Books_Row_05" parent="Props" instance=ExtResource("15_hpho7")]
transform = Transform3D(-4.371139e-08, 0.812928, 0.58236414, -1, -3.5534214e-08, -2.5455947e-08, 0, -0.58236414, 0.812928, -3.3206813, 3.988326, -4.1044593)

[node name="ART_GLOBAL_Books_Row_06" parent="Props" instance=ExtResource("15_hpho7")]
transform = Transform3D(-0.47550136, 0, -0.8797149, 0, 1, 0, 0.8797149, 0, -0.47550136, -2.7174678, 3.613953, -4.2362494)

[node name="ART_GLOBAL_Books_Single_01_model3" parent="Props" instance=ExtResource("21_krvfo")]
transform = Transform3D(-0.6513306, 0, 0.75879407, 0, 1, 0, -0.75879407, 0, -0.6513306, -2.320308, 3.613953, -4.1604424)

[node name="ART_GLOBAL_Books_Single_01_model4" parent="Props" instance=ExtResource("21_krvfo")]
transform = Transform3D(-0.9314056, 0, -0.3639828, 0, 1, 0, 0.3639828, 0, -0.9314056, -0.40507823, 3.613953, -4.5511656)

[node name="ART_GLOBAL_Books_Fallen3" parent="Props" instance=ExtResource("16_x557t")]
transform = Transform3D(1, 0, 0, 0, 1, 0, 0, 0, 1, -1.7797996, -1.1920929e-07, -3.722975)

[node name="ART_GLOBAL_Books_Stack6" parent="Props" instance=ExtResource("22_juhq3")]
transform = Transform3D(0.9997986, 0.02006994, 0, -0.02006994, 0.9997986, 0, 0, 0, 1, -2.023097, -0.13087007, -4.339256)

[node name="ART_GLOBAL_Books_Single_01_model5" parent="Props" instance=ExtResource("21_krvfo")]
transform = Transform3D(-1, -8.6522014e-08, -1.2517343e-08, 8.742278e-08, -0.98969644, -0.14318171, 0, -0.14318171, 0.98969644, -1.4759734, 0.20297968, -4.068622)

[node name="ART_GLOBAL_Books_Stack7" parent="Props" instance=ExtResource("22_juhq3")]
transform = Transform3D(0.9981295, 0, -0.061135642, 0, 1, 0, 0.061135642, 0, 0.9981295, -0.40665442, 0.6246718, -4.0898113)

[node name="ART_GLOBAL_Pillow_Aroace" parent="Props" instance=ExtResource("33_juhq3")]
transform = Transform3D(0.5586455, -0.17527504, 0.810675, -0.058622673, 0.9666268, 0.24939074, -0.82733226, -0.18684493, 0.52972645, -3.9271617, 0.90560824, 3.3215158)

[node name="ART_GLOBAL_Pillow_Kayl" parent="Props" instance=ExtResource("34_etsva")]
transform = Transform3D(-0.9791983, 0.15034588, -0.13626045, -0.08035742, 0.3292952, 0.9408014, 0.1863155, 0.93218064, -0.3103639, -5.06044, 1.2335783, -0.1466665)

[node name="ART_GLOBAL_Pillow_Bi" parent="Props" instance=ExtResource("35_17tle")]
transform = Transform3D(0.9148896, 0.07222592, 0.39719087, 0.005672455, 0.98146874, -0.19153795, -0.40366447, 0.17748913, 0.89752585, -5.0864377, 0.8809737, 0.68541795)

[node name="ART_GLOBAL_Bottles_01" parent="Props" instance=ExtResource("36_juhq3")]
transform = Transform3D(0.9716606, 0, 0.23638028, 0, 1, 0, -0.23638028, 0, 0.9716606, -5.3220205, 1.4527926, 1.02034)

[node name="ART_GLOBAL_Bottles_02" parent="Props" instance=ExtResource("37_etsva")]
transform = Transform3D(0.94986844, 0, 0.31264994, 0, 1, 0, -0.31264994, 0, 0.94986844, -5.2022424, 1.4552933, 0.93549377)

[node name="ART_GLOBAL_Books_Row_01" parent="Props" instance=ExtResource("14_kse62")]
transform = Transform3D(-0.94767374, 0, 0.3192405, 0, 1, 0, -0.3192405, 0, -0.94767374, -1.9400089, 3.6124272, 4.569421)

[node name="ART_GLOBAL_Books_Row_02" parent="Props" instance=ExtResource("15_hpho7")]
transform = Transform3D(-0.9738096, 0, 0.22736517, 0, 1, 0, -0.22736517, 0, -0.9738096, -2.4919372, 3.6124272, 4.473552)

[node name="ART_GLOBAL_Books_Fallen" parent="Props" instance=ExtResource("16_x557t")]
transform = Transform3D(0.7742601, 0, -0.6328675, 0, 1, 0, 0.6328675, 0, 0.7742601, -1.0842419, 0, -4.2710285)

[node name="ART_GLOBAL_Rugs_Oval_Model" parent="Props" instance=ExtResource("16_vpckg")]
transform = Transform3D(0.14958712, 0, 0.98874855, 0, 1, 0, -0.98874855, 0, 0.14958712, -1.8640072, 0.0143995285, 1.9340732)

[node name="ART_F1_Chair_Model2" parent="Props" instance=ExtResource("15_soiox")]
transform = Transform3D(0.9116633, 0, 0.5209318, 0, 1.05, 0, -0.5209318, 0, 0.9116633, -0.13795088, 1.4861425e-06, -0.93225086)

[node name="ART_F1_Chair_Model3" parent="Props" instance=ExtResource("15_soiox")]
transform = Transform3D(-0.0986861, 0, -1.0453521, 0, 1.0500001, 0, 1.0453521, 0, -0.0986861, 1.8923686, 1.4861425e-06, 1.2689006)

[node name="ART_F1_Chair_Model4" parent="Props" instance=ExtResource("15_soiox")]
transform = Transform3D(-1.0286202, 0, -0.21080856, 0, 1.05, 0, 0.21080856, 0, -1.0286202, 0.74464524, 1.4861425e-06, 1.8071992)

[node name="ART_F1_Chair_Model5" parent="Props" instance=ExtResource("15_soiox")]
transform = Transform3D(1.0091628, 0, -0.28998303, 0, 1.05, 0, 0.28998303, 0, 1.0091628, -0.42199177, 1.4861425e-06, -4.0621147)

[node name="ART_F2_Table" parent="Props" instance=ExtResource("14_77bln")]
transform = Transform3D(1, 0, 0, 0, 1, 0, 0, 0, 1, 0.60099435, 0, 0.5719229)

[node name="ART_F1_Window_Cill" parent="Props" instance=ExtResource("17_4aq2v")]
transform = Transform3D(1.4, 0, 0, 0, 1.4, 0, 0, 0, 1.4, -5.407494, 1.4247926, 0.6269807)

[node name="ART_GLOBAL_Books_Single_01_model2" parent="Props" instance=ExtResource("21_krvfo")]
transform = Transform3D(0.51853454, 0, -0.8550567, 0, 1, 0, 0.8550567, 0, 0.51853454, -2.570441, 3.6124272, 4.1386604)

[node name="ART_GLOBAL_Books_Stack" parent="Props" instance=ExtResource("22_juhq3")]
transform = Transform3D(0.8888013, 0, 0.4582928, 0, 1, 0, -0.4582928, 0, 0.8888013, -3.296299, 3.6124272, 3.6886797)

[node name="ART_GLOBAL_Books_Stack2" parent="Props" instance=ExtResource("22_juhq3")]
transform = Transform3D(-0.112405464, 0, 0.9936624, 0, 1, 0, -0.9936624, 0, -0.112405464, -4.772656, 3.613953, -1.738333)

[node name="ART_GLOBAL_Books_Row_03" parent="Props" instance=ExtResource("15_hpho7")]
transform = Transform3D(0.53357023, 0, 0.84575576, 0, 1, 0, -0.84575576, 0, 0.53357023, -4.4438906, 3.6139529, -2.2543252)

[node name="ART_GLOBAL_Debris_Papers_012" parent="Props" instance=ExtResource("33_17tle")]
transform = Transform3D(0.119617015, 0, 0.9928201, 0, 1, 0, -0.9928201, 0, 0.119617015, -2.2651534, 0, -3.6705112)

[node name="ART_GLOBAL_Debris_Papers_013" parent="Props" instance=ExtResource("33_17tle")]
transform = Transform3D(-0.9773236, 0, 0.21175128, 0, 1, 0, -0.21175128, 0, -0.9773236, -1.5659194, 0, -4.444635)

[node name="ART_GLOBAL_Debris_Papers_014" parent="Props" instance=ExtResource("33_17tle")]
transform = Transform3D(-0.8316344, 0, 0.55532354, 0, 1, 0, -0.55532354, 0, -0.8316344, -1.0393428, -5.9604645e-08, -3.6263692)

[node name="ART_GLOBAL_Debris_Papers_015" parent="Props" instance=ExtResource("33_17tle")]
transform = Transform3D(0.24890974, 0, -0.9685268, 0, 1, 0, 0.9685268, 0, 0.24890974, -1.7276701, -0.0031772256, -2.9591212)

[node name="ART_GLOBAL_Debris_Papers_016" parent="Props" instance=ExtResource("33_17tle")]
transform = Transform3D(0.2819731, 0, -0.9594223, 0, 1, 0, 0.9594223, 0, 0.2819731, -1.6368417, -0.0074290633, 4.875225)

[node name="ART_GLOBAL_Debris_Papers_017" parent="Props" instance=ExtResource("33_17tle")]
transform = Transform3D(0.014956832, 0, 0.9998881, 0, 1, 0, -0.9998881, 0, 0.014956832, -4.189564, 0.94901305, 3.2072172)

[node name="ART_GLOBAL_Debris_Papers_018" parent="Props" instance=ExtResource("33_17tle")]
transform = Transform3D(0.74894416, 0, -0.6626331, 0, 1, 0, 0.6626331, 0, 0.74894416, 0.6376357, 1.0183017, 1.5322709)

[node name="ART_GLOBAL_Debris_Papers_019" parent="Props" instance=ExtResource("33_17tle")]
transform = Transform3D(-0.8471405, -4.645375e-08, 0.531369, 0, -1, -8.742278e-08, 0.531369, -7.405937e-08, 0.8471405, 0.1860027, 1.0255212, 1.1326857)

[node name="ART_GLOBAL_Fruit_Bowl" parent="Props" instance=ExtResource("19_4aq2v")]
transform = Transform3D(1, 0, 0, 0, 1, 0, 0, 0, 1, 0.91679823, 1.0224609, 0.7427458)

[node name="ART_GLOBAL_Bottles_05" parent="Props" instance=ExtResource("20_anaxv")]
transform = Transform3D(0.9330226, 0, 0.35981768, 0, 1, 0, -0.35981768, 0, 0.9330226, 0.5925331, 1.0224609, 0.75482714)

[node name="ART_GLOBAL_Bottles_03" parent="Props" instance=ExtResource("24_b6w4d")]
transform = Transform3D(0.37784076, 0, -0.9258706, 0, 1, 0, 0.9258706, 0, 0.37784076, 0.63807595, 1.017527, 0.53608406)

[node name="ART_GLOBAL_Books_Stack8" parent="Props" instance=ExtResource("22_juhq3")]
transform = Transform3D(-0.76945525, 0, 0.6387007, 0, 1, 0, -0.6387007, 0, -0.76945525, 1.1445717, 3.4737077, 2.8850899)

[node name="ART_GLOBAL_Books_Fallen4" parent="Props" instance=ExtResource("16_x557t")]
transform = Transform3D(-0.8507836, 0, -0.52551615, 0, 1, 0, 0.52551615, 0, -0.8507836, 0.47539875, 3.4737077, 3.007809)

[node name="ART_GLOBAL_Books_Single_01_model6" parent="Props" instance=ExtResource("21_krvfo")]
transform = Transform3D(0.9577171, 0, -0.28771156, 0, 1, 0, 0.28771156, 0, 0.9577171, -0.22984025, 3.4737077, 2.6483471)

[node name="ART_GLOBAL_Books_Row_07" parent="Props" instance=ExtResource("14_kse62")]
transform = Transform3D(-4.371139e-08, -0.32604665, 0.9453537, -1, 1.42519525e-08, -4.132272e-08, 0, -0.9453537, -0.32604665, 0.2462093, 3.853905, 3.2154217)

[node name="Lighting" type="Node3D" parent="."]

[node name="OmniLight3D4" type="OmniLight3D" parent="Lighting"]
transform = Transform3D(-0.5870226, 0, -0.8095706, 0, 1, 0, 0.8095706, 0, -0.5870226, 4.120279, 3.8787208, -2.5492609)
light_color = Color(1, 0.8, 0.6, 1)
light_energy = 0.8
light_indirect_energy = 2.0
shadow_enabled = true
shadow_bias = 0.05
shadow_opacity = 0.95
shadow_blur = 2.0
shadow_caster_mask = 4294967293
omni_range = 8.0
omni_attenuation = 1.4

[node name="ART_GLOBAL_Lantern_Hanging2" parent="Lighting/OmniLight3D4" instance=ExtResource("18_0a5dq")]
transform = Transform3D(1, 0, 0, 0, 1, 0, 0, 0, 1, 0, 0.5, 0)

[node name="ART_GLOBAL_Lantern_Post2" parent="Lighting/OmniLight3D4" instance=ExtResource("19_7tkd2")]
transform = Transform3D(0.5000001, 0, 0.8660259, 0, 1, 0, -0.8660259, 0, 0.5000001, -0.51718426, 0.5781908, -0.2940402)

[node name="OmniLight3D7" type="OmniLight3D" parent="Lighting"]
transform = Transform3D(-0.5870226, 0, -0.8095706, 0, 1, 0, 0.8095706, 0, -0.5870226, -3.676263, 4.852786, -3.6457825)
light_color = Color(1, 0.8, 0.6, 1)
light_energy = 0.8
light_indirect_energy = 2.0
shadow_enabled = true
shadow_bias = 0.05
shadow_opacity = 0.95
shadow_blur = 2.0
shadow_caster_mask = 4294967293
omni_range = 8.0
omni_attenuation = 1.3

[node name="ART_GLOBAL_Lantern_Hanging2" parent="Lighting/OmniLight3D7" instance=ExtResource("18_0a5dq")]
transform = Transform3D(0.446026, 0, -0.89502, 0, 1, 0, 0.89502, 0, 0.446026, 0, 0.5, 0)

[node name="OmniLight3D8" type="OmniLight3D" parent="Lighting"]
transform = Transform3D(0.09850341, 0, -0.9951368, 0, 1, 0, 0.9951368, 0, 0.09850341, 2.2553113, 5.3084445, 2.1857913)
light_color = Color(1, 0.8, 0.6, 1)
light_energy = 0.8
light_indirect_energy = 2.0
shadow_bias = 0.05
shadow_opacity = 0.95
shadow_blur = 2.0
shadow_caster_mask = 4294967293
omni_range = 4.0
omni_attenuation = 1.5

[node name="ART_GLOBAL_Lantern_Hanging2" parent="Lighting/OmniLight3D8" instance=ExtResource("18_0a5dq")]
transform = Transform3D(0.446026, 0, -0.89502, 0, 1, 0, 0.89502, 0, 0.446026, 0, 0.5, 0)

[node name="DEV_OmniLight3D" type="OmniLight3D" parent="Lighting"]
transform = Transform3D(1, 0, 0, 0, 1, 0, 0, 0, 1, 0, 6, 0)
visible = false
light_energy = 1.5
omni_range = 48.102

[node name="DEV_DirectionalLight3D" type="DirectionalLight3D" parent="Lighting"]
visible = false

[node name="OmniLight3D" type="OmniLight3D" parent="Lighting"]
transform = Transform3D(1, 0, 0, 0, 1, 0, 0, 0, 1, 0, 5.634018, 0)
light_color = Color(0.7, 0.7, 1, 1)
shadow_enabled = true
shadow_bias = 0.05
shadow_opacity = 0.9
shadow_blur = 3.0
shadow_caster_mask = 4294967293
omni_range = 9.0
omni_attenuation = 0.8

[node name="OmniLight3D6" type="OmniLight3D" parent="Lighting"]
transform = Transform3D(0.8095706, 0, -0.58702254, 0, 1, 0, 0.58702254, 0, 0.8095706, 0.71926427, 1.3846837, 0.05592367)
light_color = Color(1, 0.6, 0.19999999, 1)
light_energy = 0.41
shadow_enabled = true
shadow_bias = 0.05
shadow_blur = 2.5
omni_range = 4.0
omni_attenuation = 1.2
script = ExtResource("20_b6w4d")

[node name="ART_GLOBAL_Candle_022" parent="Lighting/OmniLight3D6" instance=ExtResource("20_s6l8a")]
transform = Transform3D(-0.45248148, 0, -0.8917738, 0, 1, 0, 0.8917738, 0, -0.45248148, 0.02174151, -0.36599994, -0.06492376)

[node name="SpotLight3D" type="SpotLight3D" parent="Lighting"]
transform = Transform3D(0.49999997, 0, -0.8660254, 0, 1, 0, 0.8660254, 0, 0.49999997, -5.012428, 1.7430545, 2.8869865)
light_color = Color(0.55, 0.8499999, 1, 1)
light_indirect_energy = 2.0
shadow_enabled = true
shadow_bias = 0.02
shadow_normal_bias = 2.0
shadow_opacity = 0.9
shadow_blur = 5.0
spot_range = 8.0
spot_attenuation = 0.5
spot_angle = 80.0

[node name="OmniLight3D5" type="OmniLight3D" parent="Lighting"]
transform = Transform3D(0.8037011, 0, 0.5950333, 0, 1, 0, -0.5950333, 0, 0.8037011, -5.228613, 1.6007051, 0.3839564)
light_color = Color(1, 0.8, 0.6, 1)
light_energy = 0.8
light_indirect_energy = 2.0
shadow_enabled = true
shadow_bias = 0.05
shadow_opacity = 0.95
shadow_blur = 2.0
shadow_caster_mask = 4294967293
omni_range = 8.0
omni_attenuation = 1.2

[node name="ART_GLOBAL_Lantern_Standing2" parent="Lighting/OmniLight3D5" instance=ExtResource("22_b6w4d")]
transform = Transform3D(0.49999997, 0, -0.86602545, 0, 1, 0, 0.86602545, 0, 0.49999997, 0, -0.14999998, 0)

[node name="OmniLight3D2" type="OmniLight3D" parent="Lighting"]
transform = Transform3D(1, 0, 0, 0, 1, 0, 0, 0, 1, -2.0258038, 2.7145925, 3.0904326)
light_color = Color(1, 0.8, 0.6, 1)
light_energy = 0.1
light_indirect_energy = 1.5
light_volumetric_fog_energy = 4.0
omni_range = 3.0
omni_attenuation = 1.5

[node name="OmniLight3D3" type="OmniLight3D" parent="Lighting"]
transform = Transform3D(1, 0, 0, 0, 1, 0, 0, 0, 1, -2.913495, 1.7190921, -2.088315)
light_color = Color(0.7, 0.95, 1, 1)
light_energy = 0.1
light_indirect_energy = 1.5
light_volumetric_fog_energy = 0.5
omni_range = 3.0
omni_attenuation = 1.5

[node name="ART_GLOBAL_Grain_Sack" parent="Lighting" instance=ExtResource("37_gyy0o")]
transform = Transform3D(0.082164705, 0, -0.99661875, 0, 1, 0, 0.99661875, 0, 0.082164705, -3.4738598, 0.0019215941, 3.866289)

[node name="Collision" type="Node3D" parent="."]
visible = false

[node name="CSGCylinder3D" type="CSGCylinder3D" parent="Collision"]
transform = Transform3D(0.9659258, 0, 0.25881904, 0, 1, 0, -0.25881904, 0, 0.9659258, 0, 3, 0)
visible = false
radius = 7.0
height = 6.0
sides = 12

[node name="CSGCylinder3D2" type="CSGCylinder3D" parent="Collision/CSGCylinder3D"]
transform = Transform3D(1.0000001, 0, 0, 0, 1, 0, 0, 0, 1.0000001, 0, 0, 0)
operation = 2
radius = 5.6
height = 7.0
sides = 12

[node name="StaticBody3D" type="StaticBody3D" parent="Collision"]

[node name="CSGBakedCollisionShape3D" type="CollisionShape3D" parent="Collision/StaticBody3D"]
transform = Transform3D(0.9659258, 0, 0.25881904, 0, 1, 0, -0.25881904, 0, 0.9659258, 0, 3, 0)
shape = SubResource("ConcavePolygonShape3D_sdnxg")

[node name="CollisionShape3D" type="CollisionShape3D" parent="Collision/StaticBody3D"]
transform = Transform3D(1, 0, 0, 0, 1, 0, 0, 0, 1, 0, -0.5, 0)
shape = SubResource("BoxShape3D_sdnxg")

[node name="WorldEnvironment" type="WorldEnvironment" parent="."]
environment = ExtResource("28_krvfo")

[node name="arrival" type="Node3D" parent="."]
transform = Transform3D(-0.64861166, 0, -0.7611196, 0, 1, 0, 0.7611196, 0, -0.64861166, 2.3051496, 0.49689943, -2.2183206)

